7.38888888889
6.0
9.44444444444
9.55555555556
10.1111111111
7.11111111111
12.2222222222
11.1666666667
14.8333333333
15.2222222222
12.0555555556
12.8333333333
14.9444444444
15.6666666667
11.1111111111
8.55555555556
6.5
6.66666666667
6.55555555556
8.55555555556
9.72222222222
10.6666666667
11.3333333333
11.6111111111
11.1111111111
10.0555555556
11.8333333333
12.3888888889
11.3333333333
11.2777777778
12.6666666667
11.1111111111
11.6666666667
12.0555555556
11.1666666667
9.94444444444
10.5555555556
11.1666666667
12.2777777778
10.6666666667
10.5555555556
9.88888888889
11.8333333333
10.9444444444
9.83333333333
9.05555555556
9.44444444444
9.77777777778
10.8888888889
11.9444444444
12.8333333333
14.2222222222
12.2777777778
12.4444444444
12.9444444444
13.4444444444
13.6111111111
13.8888888889
14.8888888889
13.7222222222
13.7222222222
14.5555555556
11.6111111111
12.8333333333
11.7222222222
11.3888888889
13.0
14.6111111111
15.0
13.1111111111
13.8333333333
15.1111111111
16.8333333333
15.8888888889
13.8333333333
14.9444444444
15.4444444444
14.0555555556
15.2777777778
10.8333333333
9.88888888889
9.77777777778
7.83333333333
8.55555555556
10.7222222222
11.5
12.7222222222
13.5555555556
14.8888888889
16.0
16.3333333333
14.2777777778
16.6111111111
18.1666666667
18.4444444444
17.8888888889
17.8888888889
15.2777777778
11.6666666667
12.6111111111
16.4444444444
18.4444444444
16.4444444444
10.5
11.8888888889
9.66666666667
11.9444444444
10.9444444444
11.3888888889
12.0555555556
10.7777777778
15.3888888889
18.3333333333
20.9444444444
21.2777777778
18.9444444444
19.4444444444
18.5
18.2777777778
19.6666666667
20.8333333333
16.5
17.5
17.7777777778
14.5555555556
11.8888888889
14.8888888889
17.0555555556
18.2222222222
17.1666666667
18.1666666667
15.0555555556
14.4444444444
13.6111111111
15.2777777778
14.6111111111
19.2222222222
21.8333333333
23.7222222222
24.3333333333
19.8333333333
17.1666666667
18.3888888889
20.0555555556
18.6111111111
21.8888888889
22.5
23.3888888889
26.2777777778
27.3333333333
27.7222222222
26.7222222222
20.5
19.1666666667
23.2222222222
20.4444444444
18.2777777778
17.2222222222
17.6666666667
21.0
23.0
23.7777777778
23.6111111111
24.8888888889
22.6111111111
17.6111111111
14.1111111111
18.6111111111
20.3888888889
19.0
20.5555555556
22.1666666667
25.7777777778
28.3888888889
30.5
31.6666666667
32.9444444444
31.2777777778
29.4444444444
28.2222222222
26.9444444444
25.0555555556
25.2777777778
26.0
25.8888888889
29.1111111111
28.7777777778
28.3333333333
29.2777777778
28.5555555556
25.0
23.7222222222
21.1111111111
22.2222222222
25.8888888889
29.6666666667
30.1666666667
30.0555555556
28.1111111111
28.7777777778
26.8333333333
26.0555555556
25.3333333333
24.4444444444
25.7222222222
25.7222222222
27.3888888889
30.1111111111
31.4444444444
28.7777777778
28.4444444444
30.5555555556
31.6111111111
32.3333333333
31.7222222222
31.0
29.2222222222
28.9444444444
30.1111111111
27.4444444444
28.5555555556
29.2222222222
24.6666666667
27.3333333333
29.5555555556
30.4444444444
31.1666666667
29.0
26.1666666667
24.3333333333
26.5555555556
27.8888888889
30.1111111111
30.1111111111
30.5
28.5
26.0
24.4444444444
24.8888888889
24.2222222222
23.6111111111
25.7777777778
25.7222222222
26.9444444444
27.1111111111
25.7222222222
23.5555555556
23.8888888889
26.7777777778
26.3333333333
31.5
24.8888888889
22.6111111111
23.8333333333
25.6666666667
25.7222222222
25.7777777778
26.5555555556
26.1111111111
23.0555555556
23.9444444444
26.3333333333
27.8888888889
26.4444444444
26.1111111111
23.5555555556
23.5555555556
22.8888888889
20.9444444444
21.7222222222
21.1666666667
18.7777777778
19.7777777778
20.8888888889
21.5555555556
22.6666666667
21.5555555556
20.3333333333
20.7222222222
20.6111111111
19.1111111111
19.7777777778
20.6666666667
21.7222222222
19.0555555556
18.0555555556
19.9444444444
20.3888888889
17.8888888889
17.6111111111
19.7777777778
20.3333333333
20.9444444444
20.4444444444
15.7777777778
14.7777777778
15.3888888889
15.1666666667
15.5555555556
16.7777777778
18.2777777778
18.3333333333
17.8333333333
17.0
16.7777777778
15.2222222222
14.8333333333
14.4444444444
14.7222222222
14.4444444444
14.1666666667
15.2777777778
16.1666666667
15.2222222222
14.3888888889
15.3333333333
16.0
16.1666666667
16.6666666667
16.4444444444
15.3888888889
14.7222222222
14.9444444444
14.6666666667
15.9444444444
10.7222222222
11.5
13.0555555556
14.2222222222
14.6666666667
10.2222222222
10.0
10.7777777778
11.0555555556
10.8333333333
11.1666666667
9.88888888889
13.9444444444
13.6111111111
14.4444444444
14.3333333333
12.3888888889
9.22222222222
9.44444444444
12.1111111111
13.3333333333
13.4444444444
10.7777777778
9.44444444444
7.38888888889
6.77777777778
7.22222222222
7.83333333333
8.22222222222
7.22222222222
7.44444444444
9.0
6.27777777778
7.16666666667
7.38888888889
7.88888888889
9.16666666667
8.61111111111
10.2222222222
11.8888888889
11.4444444444
11.3888888889
10.0
10.6111111111
10.3333333333
12.0555555556
9.33333333333
8.72222222222
8.55555555556
9.38888888889
8.27777777778
7.22222222222
7.0
6.77777777778
7.16666666667
9.05555555556
10.9444444444
8.72222222222
10.0555555556
7.5
9.05555555556
7.16666666667
4.33333333333
7.33333333333
10.5
5.61111111111
9.11111111111
9.61111111111
8.66666666667
10.5
11.8888888889
11.5555555556
12.1111111111
12.3333333333
15.1666666667
16.4444444444
13.7222222222
12.4444444444
13.0555555556
14.2777777778
14.4444444444
14.7222222222
14.2222222222
16.3333333333
15.8333333333
15.0555555556
16.1666666667
16.6111111111
15.5
15.5
12.7222222222
12.3333333333
8.55555555556
6.66666666667
7.5
6.16666666667
5.05555555556
4.5
5.0
8.83333333333
10.1666666667
10.8333333333
12.7222222222
14.6666666667
12.6111111111
9.55555555556
12.4444444444
13.2777777778
15.8888888889
16.5555555556
15.8888888889
12.8333333333
11.1666666667
11.8333333333
14.1111111111
15.7222222222
15.8888888889
17.7777777778
19.2777777778
19.2222222222
18.6666666667
16.1666666667
10.3333333333
11.6666666667
12.5
11.6666666667
14.0555555556
15.3333333333
9.77777777778
12.8333333333
15.1666666667
17.0555555556
14.1666666667
13.7777777778
14.5
17.6111111111
18.7222222222
20.5555555556
21.5
17.6666666667
15.5555555556
15.0555555556
15.8333333333
13.7222222222
16.8888888889
20.4444444444
18.1666666667
14.4444444444
13.1111111111
12.6666666667
13.2777777778
12.5
16.1666666667
19.6111111111
20.9444444444
19.5555555556
22.0
21.2777777778
20.0555555556
22.6666666667
24.1666666667
25.1111111111
24.6666666667
23.1666666667
20.0555555556
21.5
20.8888888889
19.8888888889
20.0555555556
19.7777777778
21.3333333333
23.6666666667
25.3333333333
27.8888888889
25.7222222222
23.5555555556
19.8333333333
19.9444444444
21.7777777778
19.0555555556
18.5555555556
19.4444444444
19.3888888889
18.0
17.6111111111
21.3888888889
23.3333333333
18.6666666667
20.6111111111
19.8333333333
18.3888888889
21.1666666667
24.2222222222
27.8333333333
30.1666666667
30.1666666667
29.5555555556
30.7222222222
31.3888888889
29.5555555556
29.1111111111
27.0
24.8888888889
26.6111111111
26.5555555556
25.5555555556
25.7222222222
25.1111111111
22.1111111111
24.0
25.8333333333
26.0
23.5
21.2222222222
26.2222222222
24.8333333333
18.7777777778
18.0
17.3888888889
20.9444444444
24.6111111111
28.0
30.0555555556
31.7777777778
30.7222222222
27.9444444444
27.6666666667
32.6666666667
30.0555555556
29.1111111111
29.7222222222
30.2777777778
29.5
28.3333333333
30.7222222222
31.6666666667
29.8888888889
27.0
25.7777777778
24.8333333333
26.7777777778
26.9444444444
29.5555555556
31.2777777778
30.9444444444
30.6666666667
31.1666666667
31.7222222222
31.4444444444
30.9444444444
32.0555555556
33.2222222222
33.0555555556
36.7777777778
29.0555555556
27.7777777778
25.3888888889
27.2222222222
24.1111111111
26.0555555556
28.7222222222
31.0555555556
32.0
36.0555555556
33.1666666667
34.6666666667
34.7222222222
33.2222222222
32.0555555556
29.1111111111
26.7222222222
26.0
23.4444444444
24.8888888889
26.4444444444
28.5
30.1666666667
27.3333333333
25.0
23.1111111111
24.4444444444
27.1111111111
29.2777777778
29.6666666667
28.6111111111
26.5555555556
25.7222222222
25.4444444444
22.1666666667
22.2222222222
24.2222222222
25.8333333333
26.8888888889
27.0555555556
26.6111111111
22.5555555556
21.3333333333
19.4444444444
21.9444444444
19.9444444444
20.0555555556
20.5555555556
21.9444444444
23.5
24.7222222222
25.4444444444
22.6666666667
23.2777777778
22.8888888889
22.6666666667
23.3888888889
24.5
24.8888888889
25.4444444444
21.0
20.3888888889
22.1111111111
23.7222222222
24.2222222222
24.8888888889
24.7222222222
26.0
26.6666666667
23.3888888889
20.6111111111
20.5555555556
21.2777777778
18.8333333333
18.6666666667
18.1666666667
14.3888888889
16.5
15.5555555556
11.7777777778
11.7222222222
13.2222222222
14.1111111111
15.1111111111
14.4444444444
9.77777777778
10.5555555556
12.1111111111
12.6666666667
11.2222222222
9.88888888889
11.3333333333
11.6111111111
12.2222222222
11.5555555556
10.4444444444
9.16666666667
10.4444444444
11.5
12.4444444444
12.7777777778
14.0555555556
13.5
13.8888888889
12.7777777778
11.6111111111
9.72222222222
12.8888888889
15.7777777778
14.2777777778
15.8333333333
16.2777777778
16.0
13.1111111111
10.1111111111
9.77777777778
10.9444444444
9.38888888889
7.72222222222
8.05555555556
6.88888888889
7.5
6.44444444444
5.55555555556
6.77777777778
9.72222222222
12.1111111111
11.3888888889
11.8888888889
12.5555555556
12.0555555556
14.3888888889
15.7777777778
13.1111111111
9.27777777778
7.11111111111
5.38888888889
6.05555555556
6.38888888889
4.61111111111
4.0
6.05555555556
10.0555555556
7.72222222222
5.72222222222
5.5
6.83333333333
11.6111111111
10.0555555556
11.7777777778
12.6111111111
14.0
15.9444444444
17.6666666667
14.4444444444
8.5
8.16666666667
5.05555555556
4.77777777778
5.27777777778
6.72222222222
7.38888888889
5.66666666667
6.55555555556
4.61111111111
2.27777777778
7.11111111111
8.22222222222
8.44444444444
7.83333333333
6.94444444444
9.55555555556
10.3333333333
11.5555555556
12.2777777778
9.83333333333
13.2777777778
13.1111111111
9.61111111111
11.7222222222
13.0
12.3333333333
12.1666666667
11.1666666667
10.9444444444
9.38888888889
9.77777777778
10.3333333333
8.72222222222
9.38888888889
9.94444444444
8.94444444444
10.9444444444
9.55555555556
10.1666666667
8.72222222222
9.83333333333
10.5555555556
11.7777777778
14.2777777778
10.1666666667
11.5
12.4444444444
9.27777777778
10.1666666667
10.1111111111
10.0555555556
11.0555555556
10.7222222222
10.8333333333
7.83333333333
9.16666666667
11.1666666667
11.0555555556
8.83333333333
11.1666666667
12.5555555556
11.7777777778
12.7222222222
14.1666666667
15.6666666667
16.8333333333
15.0555555556
12.1111111111
12.9444444444
14.6666666667
16.4444444444
14.7777777778
16.1666666667
17.7777777778
19.0
18.3888888889
18.6111111111
18.2222222222
19.9444444444
19.8333333333
21.0555555556
19.5555555556
15.8333333333
15.9444444444
18.1111111111
14.5555555556
11.2222222222
13.4444444444
13.6111111111
15.7222222222
14.0555555556
13.8888888889
15.5
16.3888888889
13.5
13.5555555556
15.0
15.5555555556
17.4444444444
18.5555555556
20.5555555556
21.9444444444
21.8888888889
21.2777777778
21.2777777778
19.9444444444
22.0
20.8333333333
20.0555555556
15.8333333333
18.4444444444
21.6111111111
22.8333333333
18.8333333333
17.5555555556
19.2222222222
18.3333333333
17.8888888889
20.5
21.6666666667
22.1111111111
22.6666666667
22.6111111111
23.3888888889
23.8333333333
25.5
26.0555555556
26.9444444444
27.1111111111
25.6111111111
26.6111111111
25.6111111111
27.1666666667
33.8888888889
28.3888888889
26.4444444444
25.1111111111
23.5
22.0555555556
19.8333333333
19.4444444444
21.7222222222
23.6666666667
26.0555555556
26.3333333333
27.5555555556
27.0555555556
26.1111111111
23.2777777778
24.1666666667
21.2777777778
20.5555555556
22.2222222222
25.9444444444
25.2777777778
23.6666666667
25.3333333333
25.5
23.0
18.7777777778
22.6111111111
24.2222222222
27.6666666667
30.6666666667
28.6111111111
33.8888888889
28.0
24.7777777778
22.1111111111
23.1666666667
25.2777777778
27.3888888889
29.1111111111
25.6111111111
22.5555555556
21.2222222222
20.9444444444
21.4444444444
23.5555555556
25.6666666667
28.5555555556
28.6666666667
27.1666666667
28.3888888889
30.1666666667
30.2222222222
27.8333333333
25.8888888889
24.3333333333
27.5555555556
28.6666666667
29.3888888889
30.1111111111
27.2777777778
25.6666666667
27.0555555556
29.1111111111
29.3333333333
29.0555555556
27.0555555556
27.3333333333
28.8333333333
30.7222222222
27.1111111111
27.3888888889
27.8888888889
26.5
26.0555555556
26.9444444444
27.4444444444
29.0
29.7222222222
30.5
31.7777777778
32.4444444444
32.3888888889
29.3888888889
24.2222222222
23.1111111111
25.2777777778
27.1111111111
29.6666666667
29.0
26.8888888889
24.2777777778
24.6111111111
26.8888888889
27.0555555556
26.5555555556
27.5555555556
25.9444444444
24.9444444444
25.0555555556
25.5
25.3888888889
24.7222222222
25.1111111111
25.5555555556
26.1111111111
26.4444444444
25.2222222222
24.0
28.8333333333
29.8888888889
28.7222222222
26.7777777778
27.0
27.9444444444
26.0555555556
23.4444444444
23.5555555556
25.1666666667
23.9444444444
22.1111111111
20.5
23.0
23.0555555556
20.7777777778
22.2222222222
23.9444444444
24.3333333333
25.3888888889
28.0
27.7222222222
23.0555555556
21.6666666667
23.4444444444
26.6666666667
27.2222222222
26.1666666667
22.8333333333
19.8888888889
21.1111111111
20.8333333333
19.5555555556
14.8888888889
15.6111111111
17.5
17.3888888889
12.5555555556
13.2222222222
15.3888888889
17.6111111111
19.5555555556
20.9444444444
21.3888888889
20.7222222222
20.1111111111
16.3333333333
16.2222222222
17.4444444444
17.0555555556
14.9444444444
14.7222222222
14.3888888889
14.0
13.1666666667
14.0555555556
15.5555555556
16.0
17.2777777778
18.1111111111
18.6111111111
19.1666666667
18.0555555556
18.5
18.5
14.1111111111
12.7222222222
14.2222222222
12.5555555556
12.7777777778
12.3888888889
10.7777777778
10.3333333333
9.66666666667
11.9444444444
11.3888888889
13.0
12.0555555556
12.9444444444
11.9444444444
15.5555555556
13.7777777778
14.1666666667
13.9444444444
10.1111111111
9.66666666667
9.66666666667
11.6666666667
9.88888888889
8.55555555556
10.0
11.2777777778
11.7222222222
11.8888888889
10.8888888889
9.11111111111
5.66666666667
4.27777777778
4.05555555556
3.83333333333
3.88888888889
8.44444444444
8.0
6.0
6.61111111111
6.88888888889
7.61111111111
5.44444444444
6.33333333333
4.0
3.72222222222
3.77777777778
2.83333333333
3.27777777778
2.33333333333
3.22222222222
5.11111111111
7.0
10.1666666667
10.7222222222
12.7777777778
10.7777777778
9.33333333333
4.61111111111
4.22222222222
6.83333333333
7.66666666667
8.11111111111
11.7777777778
12.7222222222
12.5555555556
7.72222222222
8.72222222222
11.2777777778
13.5555555556
12.8888888889
11.6111111111
11.4444444444
8.27777777778
5.88888888889
5.33333333333
5.11111111111
6.44444444444
7.05555555556
7.05555555556
10.9444444444
10.7222222222
12.1111111111
7.16666666667
9.88888888889
9.77777777778
12.2777777778
14.3888888889
8.44444444444
10.6111111111
12.5555555556
10.8888888889
10.6666666667
9.11111111111
7.83333333333
9.22222222222
10.2777777778
11.1111111111
11.5
9.0
7.94444444444
9.22222222222
8.94444444444
11.1111111111
7.44444444444
8.72222222222
10.3888888889
12.0555555556
7.44444444444
8.61111111111
10.3888888889
9.16666666667
11.3888888889
12.8333333333
12.4444444444
11.7777777778
9.11111111111
8.94444444444
7.72222222222
7.22222222222
11.1666666667
10.3333333333
12.2222222222
13.3333333333
15.4444444444
15.2222222222
12.1666666667
13.3888888889
15.2777777778
15.2222222222
16.1111111111
17.0555555556
17.2777777778
15.8888888889
18.0555555556
20.1666666667
18.0
13.1111111111
12.6666666667
13.0555555556
9.0
6.88888888889
11.0555555556
10.6666666667
7.94444444444
10.9444444444
11.7777777778
8.83333333333
12.2777777778
11.8333333333
11.1666666667
11.6111111111
13.3888888889
14.8333333333
12.0555555556
10.0555555556
10.2777777778
9.0
10.0555555556
11.0555555556
14.0
15.8333333333
16.8888888889
18.7777777778
21.0555555556
24.1666666667
19.5
15.1111111111
14.6666666667
16.7777777778
19.6666666667
21.8888888889
23.7777777778
24.5555555556
20.4444444444
18.7222222222
17.8333333333
17.7777777778
16.5555555556
15.8888888889
15.9444444444
16.5555555556
15.8888888889
14.4444444444
15.5
11.1111111111
11.3888888889
14.5555555556
15.1666666667
15.0
14.2777777778
16.2777777778
18.3333333333
16.5555555556
16.2777777778
16.7222222222
19.8333333333
19.5555555556
18.1666666667
14.6666666667
15.8333333333
19.3888888889
13.3888888889
16.7777777778
20.3333333333
21.7222222222
21.0555555556
18.4444444444
17.5
20.2222222222
20.6666666667
15.4444444444
18.1666666667
20.2222222222
21.8333333333
18.7222222222
17.0555555556
18.7222222222
23.3888888889
26.2222222222
26.5555555556
23.1111111111
25.2777777778
26.4444444444
23.2777777778
21.5
22.3333333333
21.9444444444
21.9444444444
22.5555555556
22.6666666667
23.7777777778
26.7222222222
25.5
23.9444444444
23.3888888889
22.0
21.8333333333
25.0555555556
27.1666666667
27.6111111111
28.1111111111
29.7777777778
29.1111111111
26.0555555556
24.2777777778
26.7222222222
29.4444444444
28.7222222222
28.5
30.2777777778
32.1111111111
32.7777777778
33.1666666667
32.6666666667
28.8888888889
29.0555555556
27.6666666667
27.7777777778
28.3333333333
30.8888888889
31.0
30.3333333333
27.2777777778
24.3333333333
22.5
25.7222222222
29.1666666667
31.5
33.2777777778
34.5
33.5555555556
31.5555555556
28.5
27.5555555556
28.3888888889
30.1666666667
32.3888888889
33.0
31.9444444444
30.2222222222
30.3333333333
26.7222222222
22.3333333333
22.1111111111
23.5
23.9444444444
26.5555555556
26.6111111111
26.7222222222
28.3888888889
25.3333333333
26.0
28.2222222222
29.6666666667
31.6111111111
31.5555555556
31.7222222222
32.6666666667
33.1111111111
31.5
26.2777777778
29.6666666667
30.7777777778
31.1111111111
24.8333333333
18.8888888889
22.0555555556
24.4444444444
27.0
28.7777777778
27.6666666667
27.5
26.5555555556
22.7222222222
21.0555555556
22.3888888889
20.8888888889
20.3888888889
19.6666666667
19.0
19.6666666667
18.0555555556
15.3333333333
17.5
19.3888888889
19.3333333333
20.8888888889
19.2777777778
17.5
15.6111111111
17.8888888889
19.9444444444
20.5555555556
19.2222222222
18.6666666667
16.6111111111
17.0
17.9444444444
17.5555555556
18.3888888889
16.4444444444
14.7777777778
15.5
15.3888888889
16.2222222222
18.0555555556
17.8888888889
19.3888888889
18.8888888889
17.6666666667
12.8888888889
14.0
15.8888888889
15.2222222222
15.1666666667
13.1666666667
14.1111111111
13.8888888889
11.2777777778
11.9444444444
12.6666666667
13.9444444444
11.0555555556
11.2777777778
12.5555555556
9.5
8.94444444444
10.7777777778
10.1111111111
9.5
9.33333333333
9.0
10.3333333333
11.9444444444
9.94444444444
9.55555555556
9.05555555556
9.83333333333
11.5
14.2222222222
15.7777777778
11.3333333333
11.0
11.6666666667
11.6666666667
10.6666666667
15.1111111111
12.8333333333
9.83333333333
12.5
6.33333333333
5.61111111111
5.44444444444
4.55555555556
6.16666666667
7.5
4.55555555556
5.77777777778
5.88888888889
8.83333333333
10.1666666667
6.94444444444
7.16666666667
8.83333333333
8.83333333333
7.66666666667
2.05555555556
0.111111111111
-2.05555555556
-2.44444444444
-72.7777777778
-72.7777777778
2.55555555556
3.38888888889
4.72222222222
4.22222222222
-72.7777777778
-72.7777777778
8.88888888889
4.94444444444
5.0
4.22222222222
3.5
2.22222222222
2.83333333333
2.55555555556
2.16666666667
-72.7777777778
2.5
2.16666666667
4.0
4.0
8.16666666667
11.2222222222
13.5
13.8333333333
13.7777777778
13.6666666667
10.6111111111
8.77777777778
11.1111111111
7.61111111111
5.0
5.38888888889
5.22222222222
3.77777777778
5.22222222222
7.38888888889
9.94444444444
5.72222222222
6.61111111111
7.5
8.61111111111
7.88888888889
9.22222222222
11.6666666667
13.5
13.0
5.0
6.16666666667
7.22222222222
8.55555555556
11.6111111111
8.27777777778
9.77777777778
13.2777777778
12.6666666667
9.88888888889
8.66666666667
10.5555555556
8.11111111111
9.44444444444
10.8888888889
12.5
9.5
10.8333333333
12.1111111111
13.6666666667
13.8333333333
14.2222222222
10.2777777778
8.94444444444
11.0555555556
10.2222222222
9.77777777778
10.8888888889
8.0
10.2777777778
9.88888888889
12.2777777778
13.9444444444
10.7777777778
9.55555555556
10.7222222222
13.0555555556
13.8888888889
11.6666666667
11.1111111111
12.5
13.1111111111
12.8888888889
15.8888888889
15.5555555556
13.2777777778
11.7222222222
12.2777777778
12.9444444444
10.4444444444
8.66666666667
9.88888888889
11.3888888889
7.61111111111
10.3888888889
9.55555555556
9.0
8.77777777778
6.5
8.38888888889
11.5555555556
9.61111111111
14.8333333333
17.7777777778
20.4444444444
22.7222222222
22.1666666667
22.7777777778
21.8333333333
20.3333333333
17.8333333333
16.2777777778
15.7777777778
18.1666666667
19.0
18.6666666667
17.2222222222
12.5
13.1666666667
17.3333333333
18.5
15.5
14.0
13.5
16.4444444444
21.0
20.4444444444
17.8888888889
17.1111111111
17.7777777778
19.9444444444
23.3888888889
19.2777777778
16.4444444444
15.1666666667
17.1666666667
20.4444444444
22.0
19.6111111111
18.3333333333
17.9444444444
23.2222222222
24.2777777778
22.3333333333
24.7777777778
27.4444444444
26.6666666667
25.8888888889
21.3333333333
18.1666666667
21.0
21.6666666667
18.0
14.5555555556
15.4444444444
19.9444444444
23.0
20.1111111111
18.3888888889
20.0
20.8888888889
23.8888888889
24.2777777778
24.6111111111
26.2777777778
25.7777777778
23.8333333333
26.7222222222
28.0555555556
26.8888888889
27.1666666667
28.0
27.8333333333
30.8333333333
29.1666666667
25.9444444444
24.8888888889
26.8888888889
28.8888888889
30.9444444444
31.8333333333
32.9444444444
29.9444444444
25.1666666667
22.3333333333
23.8888888889
27.9444444444
26.5
28.0555555556
29.2222222222
30.3333333333
31.5
34.3333333333
34.4444444444
32.1666666667
30.2222222222
26.7222222222
25.5555555556
26.1666666667
25.2222222222
23.0555555556
22.2222222222
25.0
26.2777777778
22.5
23.7777777778
26.7777777778
26.5
24.8888888889
24.3888888889
25.5
26.2222222222
25.3333333333
26.3333333333
27.5555555556
27.7777777778
25.9444444444
20.7222222222
20.6666666667
22.2777777778
22.6666666667
23.6111111111
22.1111111111
23.6111111111
25.6666666667
24.7777777778
23.3333333333
25.8888888889
27.3333333333
26.9444444444
23.7222222222
26.3333333333
27.0555555556
27.7777777778
30.6111111111
29.0555555556
29.6111111111
29.2222222222
28.8888888889
28.8333333333
28.8888888889
25.7222222222
20.7777777778
21.4444444444
21.1666666667
22.3888888889
23.6111111111
25.4444444444
27.8333333333
27.4444444444
27.2222222222
26.2777777778
24.5555555556
23.5
24.8888888889
26.8333333333
24.5555555556
25.8888888889
25.9444444444
25.0
26.2777777778
22.9444444444
22.2777777778
24.1111111111
28.1111111111
25.2777777778
26.2222222222
26.0
25.8888888889
24.9444444444
24.6111111111
25.8888888889
25.7222222222
25.5
24.0
22.0
21.6111111111
20.4444444444
20.4444444444
18.3333333333
20.9444444444
22.0
23.8333333333
24.9444444444
23.1666666667
22.7777777778
21.7222222222
20.8333333333
20.7777777778
19.6666666667
19.5
19.0555555556
19.0
19.1111111111
18.6666666667
19.8888888889
17.0555555556
17.7777777778
18.4444444444
18.6111111111
20.4444444444
14.7222222222
15.6666666667
16.7777777778
17.5555555556
17.1111111111
16.8333333333
15.8333333333
15.8888888889
16.7222222222
16.2777777778
15.8333333333
12.5
12.7222222222
13.7222222222
14.3888888889
15.1111111111
15.7777777778
17.2777777778
15.9444444444
14.2222222222
10.8888888889
11.5
12.8888888889
10.7777777778
8.11111111111
8.22222222222
8.0
9.22222222222
8.77777777778
10.5555555556
10.3333333333
12.7222222222
14.1666666667
12.0
7.88888888889
8.11111111111
6.77777777778
8.83333333333
7.88888888889
9.16666666667
6.94444444444
8.44444444444
6.55555555556
6.27777777778
6.05555555556
8.88888888889
5.88888888889
6.22222222222
6.22222222222
6.61111111111
7.11111111111
7.38888888889
7.22222222222
6.88888888889
8.0
8.66666666667
7.72222222222
7.55555555556
7.77777777778
10.4444444444
9.33333333333
8.61111111111
7.77777777778
8.44444444444
6.77777777778
6.55555555556
3.77777777778
5.27777777778
3.88888888889
4.38888888889
5.38888888889
5.16666666667
6.33333333333
7.22222222222
8.05555555556
12.5555555556
10.1111111111
11.3333333333
13.1666666667
14.2777777778
11.6666666667
14.5
15.2777777778
15.2222222222
11.7777777778
9.16666666667
10.9444444444
12.7777777778
12.9444444444
10.8333333333
10.2777777778
10.7222222222
9.55555555556
11.2777777778
10.6666666667
11.1666666667
11.8333333333
14.2222222222
14.8888888889
13.4444444444
12.1666666667
12.9444444444
14.4444444444
15.0
14.2222222222
11.6111111111
11.1111111111
11.5555555556
14.0
11.4444444444
11.7777777778
9.44444444444
10.7222222222
11.1666666667
14.7777777778
13.7777777778
11.5555555556
10.7222222222
6.44444444444
9.38888888889
12.8333333333
13.4444444444
9.0
10.2222222222
8.16666666667
9.83333333333
10.0
11.9444444444
10.7222222222
8.38888888889
9.44444444444
10.1111111111
9.88888888889
11.1666666667
13.0555555556
12.9444444444
14.8333333333
15.5
17.0555555556
16.5555555556
14.5
15.6666666667
17.0555555556
13.0
12.6666666667
14.7777777778
17.1111111111
15.4444444444
14.8888888889
15.1666666667
15.5555555556
12.1666666667
12.8888888889
16.6111111111
17.8333333333
18.9444444444
20.2222222222
22.0555555556
22.3888888889
18.7777777778
19.2222222222
18.5
19.1111111111
16.7222222222
16.5555555556
19.7222222222
23.0555555556
21.2777777778
15.4444444444
15.1666666667
16.3333333333
14.5555555556
11.8333333333
13.9444444444
16.6666666667
17.9444444444
17.3333333333
15.7777777778
16.7222222222
18.8888888889
19.6666666667
22.3333333333
15.8888888889
14.5555555556
18.7777777778
22.0
21.0555555556
21.1111111111
22.4444444444
19.6666666667
18.6666666667
17.3333333333
20.7777777778
19.8888888889
17.6111111111
14.3333333333
16.1666666667
19.5555555556
19.2777777778
18.9444444444
14.5
15.3333333333
19.6666666667
23.3333333333
26.4444444444
28.6111111111
30.2777777778
28.8333333333
25.7777777778
23.2222222222
22.7222222222
25.0555555556
27.0
25.8888888889
23.1111111111
21.6666666667
22.8888888889
25.6111111111
25.5555555556
27.0
23.6111111111
23.6111111111
24.3333333333
18.2777777778
17.1666666667
19.4444444444
21.0
24.1666666667
26.5
30.6111111111
33.2222222222
31.5
29.8888888889
25.8888888889
24.7777777778
28.3888888889
30.2777777778
30.9444444444
27.7222222222
27.2222222222
27.5
29.0
31.0
31.7222222222
30.8333333333
28.8888888889
26.0
25.5
21.7777777778
21.0555555556
22.6111111111
21.8333333333
22.3333333333
22.2777777778
24.7222222222
26.2222222222
26.7222222222
27.7222222222
25.0555555556
27.3888888889
27.5
26.4444444444
23.2222222222
24.2777777778
26.8333333333
26.8333333333
29.2777777778
26.8888888889
28.0555555556
29.7222222222
29.5555555556
28.5555555556
24.7777777778
27.2222222222
28.8333333333
30.5
30.5555555556
32.6666666667
31.9444444444
31.8888888889
32.2222222222
30.3333333333
30.5555555556
28.6666666667
26.2222222222
27.0
25.7222222222
25.3888888889
27.8333333333
28.8333333333
28.3888888889
29.9444444444
29.1666666667
29.3333333333
28.5
25.3333333333
24.2222222222
24.7777777778
26.2777777778
27.0555555556
25.0555555556
27.8888888889
28.6666666667
27.7222222222
27.6111111111
26.5
22.1111111111
21.0
20.2222222222
20.0555555556
20.3888888889
19.8888888889
19.2777777778
20.4444444444
23.1666666667
25.0
25.2777777778
24.4444444444
24.8888888889
25.5
25.8333333333
28.2222222222
25.2777777778
23.8333333333
24.9444444444
26.7777777778
28.7777777778
29.7777777778
26.0555555556
21.1666666667
19.6666666667
21.5555555556
23.3333333333
23.7777777778
23.9444444444
21.0
19.3333333333
22.6111111111
24.4444444444
25.3333333333
23.1111111111
21.8888888889
21.3333333333
23.3333333333
21.9444444444
20.3888888889
21.3333333333
14.7777777778
13.5555555556
14.2222222222
14.2222222222
15.8333333333
16.7777777778
17.3888888889
18.6111111111
19.2222222222
18.5
18.7777777778
16.5555555556
14.2222222222
15.7777777778
16.7222222222
17.3888888889
14.3888888889
14.1666666667
13.7222222222
13.7222222222
11.1111111111
10.7777777778
11.4444444444
12.8333333333
12.7777777778
13.2222222222
12.8333333333
12.3333333333
11.2222222222
11.7222222222
11.5555555556
9.77777777778
8.38888888889
6.94444444444
7.38888888889
8.94444444444
5.83333333333
7.88888888889
6.66666666667
7.72222222222
7.83333333333
7.72222222222
8.61111111111
8.77777777778
9.16666666667
7.5
6.61111111111
8.27777777778
8.5
8.77777777778
8.05555555556
9.27777777778
8.33333333333
7.55555555556
5.5
6.88888888889
7.22222222222
6.16666666667
10.2777777778
11.9444444444
10.3333333333
11.6111111111
9.16666666667
10.3888888889
8.16666666667
10.2777777778
12.4444444444
11.7777777778
7.27777777778
7.83333333333
7.88888888889
7.72222222222
8.66666666667
8.77777777778
8.05555555556
6.55555555556
5.72222222222
5.83333333333
7.27777777778
5.94444444444
6.83333333333
6.5
5.72222222222
5.94444444444
6.55555555556
7.05555555556
6.83333333333
7.16666666667
7.11111111111
8.55555555556
12.1111111111
9.66666666667
7.88888888889
9.5
9.72222222222
7.44444444444
6.55555555556
4.5
3.83333333333
3.77777777778
4.66666666667
6.66666666667
5.44444444444
8.0
10.3333333333
10.6666666667
10.2777777778
6.77777777778
7.94444444444
7.05555555556
6.72222222222
7.94444444444
5.5
5.5
7.11111111111
8.83333333333
9.5
10.5
12.3888888889
11.0
6.5
4.5
7.55555555556
8.33333333333
6.72222222222
5.61111111111
6.66666666667
7.38888888889
8.88888888889
9.44444444444
10.2777777778
12.4444444444
12.0555555556
11.5
10.3333333333
10.3888888889
7.66666666667
7.16666666667
9.77777777778
11.2222222222
10.5
10.8888888889
9.83333333333
10.6111111111
8.5
13.0555555556
12.0
12.0
11.6111111111
13.2222222222
11.8888888889
9.44444444444
11.9444444444
12.1111111111
13.2222222222
13.6111111111
13.7777777778
13.1111111111
10.7777777778
16.3888888889
18.1111111111
20.5
20.4444444444
18.3888888889
16.2777777778
17.2777777778
18.5
15.0
15.6111111111
17.7222222222
18.5
19.0
21.1111111111
20.7222222222
14.1666666667
10.6666666667
10.4444444444
13.0
12.3888888889
10.1111111111
6.72222222222
9.5
9.61111111111
11.8888888889
11.4444444444
13.0555555556
12.6111111111
14.7777777778
17.8333333333
16.5555555556
17.9444444444
15.5555555556
11.9444444444
8.94444444444
14.0
17.1111111111
19.7222222222
22.8333333333
24.2777777778
21.8888888889
18.6111111111
15.9444444444
20.2222222222
22.3333333333
19.5
19.4444444444
21.5
22.3888888889
23.3333333333
25.7222222222
28.0555555556
29.2777777778
27.2777777778
28.4444444444
26.1111111111
19.9444444444
21.2222222222
22.8888888889
23.5555555556
23.1666666667
25.0555555556
26.8333333333
28.3888888889
29.4444444444
30.1666666667
30.3888888889
29.2777777778
28.5
27.5
24.8333333333
20.9444444444
22.2777777778
27.1111111111
31.1111111111
31.5
25.8888888889
20.6666666667
21.9444444444
24.0
24.3333333333
27.4444444444
29.7777777778
25.6666666667
25.3888888889
23.7777777778
23.0
23.7222222222
26.0555555556
28.7222222222
29.7777777778
30.3333333333
29.7222222222
29.7777777778
30.3888888889
31.0
32.0
30.6111111111
27.1111111111
24.3888888889
23.6666666667
25.2222222222
24.0555555556
26.0
28.6111111111
30.0
31.6111111111
33.6666666667
33.9444444444
31.8333333333
30.6111111111
29.0
29.4444444444
29.6111111111
27.2777777778
25.1666666667
23.8333333333
25.8333333333
27.6111111111
24.7777777778
23.1666666667
21.6666666667
25.1666666667
26.2222222222
24.9444444444
24.5555555556
25.0
27.3333333333
28.7777777778
29.0
29.2777777778
30.2777777778
30.3888888889
29.5
25.1111111111
24.0555555556
27.7222222222
28.2777777778
28.4444444444
26.2222222222
26.3888888889
27.6111111111
30.2777777778
32.0555555556
31.2222222222
27.2222222222
27.3888888889
28.5
26.0555555556
26.1666666667
28.4444444444
29.2222222222
30.0555555556
29.9444444444
29.8888888889
28.1666666667
23.9444444444
23.2777777778
23.8333333333
24.8333333333
26.7222222222
28.8333333333
29.7777777778
30.3888888889
29.7777777778
25.0555555556
23.4444444444
26.5555555556
28.3333333333
29.1111111111
29.9444444444
28.7777777778
24.5
24.8888888889
25.6666666667
23.8333333333
25.6111111111
23.1111111111
23.1666666667
22.7777777778
24.8333333333
26.6111111111
25.7222222222
23.5555555556
24.9444444444
25.7777777778
26.1666666667
25.5
25.0555555556
25.5555555556
25.1111111111
23.7222222222
20.7222222222
22.6666666667
21.3888888889
20.6666666667
23.3888888889
26.2777777778
26.8333333333
27.8333333333
25.4444444444
20.7222222222
18.2777777778
19.0555555556
20.5555555556
19.6111111111
18.7222222222
19.8333333333
19.3333333333
20.2777777778
20.9444444444
22.4444444444
23.9444444444
20.3333333333
18.7222222222
19.7777777778
19.6111111111
19.9444444444
16.5555555556
17.4444444444
16.6111111111
17.2777777778
17.8888888889
19.6111111111
16.3888888889
16.2222222222
16.8333333333
16.7222222222
14.2777777778
14.8888888889
15.7777777778
16.0
17.3333333333
17.1111111111
14.3888888889
14.5555555556
16.1111111111
17.4444444444
18.6111111111
16.8333333333
12.2777777778
12.4444444444
14.6111111111
13.9444444444
13.5
13.6666666667
12.2777777778
12.7222222222
12.7777777778
14.4444444444
12.5
13.6111111111
9.61111111111
7.61111111111
5.55555555556
5.61111111111
9.83333333333
8.11111111111
9.5
11.4444444444
10.9444444444
7.38888888889
5.88888888889
7.61111111111
11.2777777778
9.22222222222
9.61111111111
6.61111111111
6.0
6.0
6.55555555556
8.61111111111
5.05555555556
5.0
7.55555555556
6.94444444444
6.55555555556
9.05555555556
8.5
8.16666666667
9.83333333333
6.88888888889
5.55555555556
6.16666666667
7.11111111111
10.9444444444
11.7222222222
12.7777777778
12.7777777778
11.8888888889
12.8333333333
12.0555555556
9.83333333333
9.55555555556
8.77777777778
8.83333333333
8.44444444444
9.27777777778
9.44444444444
8.66666666667
8.05555555556
7.38888888889
6.38888888889
5.66666666667
4.27777777778
4.5
4.16666666667
4.33333333333
5.27777777778
5.33333333333
7.27777777778
3.77777777778
5.16666666667
6.44444444444
7.38888888889
8.16666666667
4.72222222222
3.22222222222
3.55555555556
3.44444444444
4.77777777778
5.0
6.11111111111
6.88888888889
7.72222222222
8.5
10.3888888889
12.5555555556
8.66666666667
11.1666666667
11.1111111111
10.5555555556
10.6111111111
11.3333333333
11.7222222222
11.0
10.4444444444
7.72222222222
10.3333333333
12.3888888889
15.2222222222
15.3888888889
15.7222222222
10.2222222222
12.1111111111
14.3888888889
15.7777777778
15.4444444444
12.2777777778
11.3888888889
12.3333333333
12.8888888889
13.1666666667
14.2777777778
13.1666666667
7.77777777778
9.55555555556
13.3888888889
12.5
14.2777777778
12.3333333333
8.94444444444
8.94444444444
8.83333333333
7.55555555556
5.83333333333
8.55555555556
13.1666666667
16.3333333333
15.6666666667
13.9444444444
11.2222222222
11.0
13.8888888889
14.5
16.2777777778
18.5
20.2222222222
20.3888888889
21.2222222222
21.3333333333
19.0555555556
16.3333333333
15.2222222222
16.2777777778
16.2222222222
19.0
19.0
18.3333333333
19.6111111111
19.7222222222
22.5555555556
23.6111111111
15.7777777778
12.4444444444
12.8888888889
11.5
11.7222222222
14.7777777778
16.1666666667
19.1666666667
21.2222222222
20.5555555556
18.9444444444
15.9444444444
12.9444444444
13.3333333333
14.6666666667
13.8333333333
13.2222222222
15.9444444444
18.1666666667
19.2777777778
21.6666666667
22.3888888889
19.0555555556
18.2222222222
20.0555555556
18.2222222222
17.2777777778
21.3333333333
23.2222222222
20.4444444444
22.6666666667
23.2222222222
23.7777777778
23.2222222222
19.7777777778
16.3333333333
13.0
15.7777777778
18.2222222222
21.8888888889
24.8888888889
24.2777777778
23.1111111111
22.8333333333
25.0555555556
28.6111111111
29.4444444444
26.7222222222
20.1111111111
22.0555555556
25.5555555556
29.0555555556
31.4444444444
29.0555555556
25.3333333333
21.3333333333
22.6111111111
25.8888888889
26.7222222222
25.1666666667
23.5555555556
24.7777777778
26.1666666667
25.5555555556
-72.7777777778
-72.7777777778
-72.7777777778
-72.7777777778
20.6666666667
25.3333333333
26.2222222222
28.2777777778
29.5
26.7777777778
26.4444444444
26.0
28.9444444444
32.1666666667
31.2777777778
29.1111111111
28.1111111111
27.1666666667
27.5
27.8333333333
26.5
30.2222222222
32.3888888889
34.2777777778
34.1111111111
32.1111111111
32.1666666667
32.1111111111
27.8888888889
28.2777777778
28.2777777778
27.8888888889
29.6666666667
28.3888888889
25.5
26.0555555556
26.8333333333
27.8333333333
27.0
27.8888888889
27.8888888889
26.2222222222
28.7777777778
29.2777777778
28.1111111111
27.9444444444
26.6666666667
24.1666666667
24.2777777778
24.5
25.1111111111
25.8888888889
28.0
29.1666666667
30.3333333333
30.0
30.0
30.2777777778
29.2777777778
29.7777777778
27.8888888889
26.7777777778
25.8333333333
22.7222222222
24.2222222222
24.4444444444
22.6666666667
23.4444444444
24.8888888889
25.0555555556
26.9444444444
27.7777777778
26.5555555556
25.8888888889
27.3888888889
28.5555555556
29.9444444444
30.6666666667
29.0
24.9444444444
21.6111111111
20.0
20.8333333333
22.6111111111
25.0
26.5555555556
27.0
26.7777777778
27.1666666667
27.2777777778
21.8888888889
22.6111111111
23.2777777778
25.7222222222
27.6666666667
28.1111111111
27.6111111111
27.9444444444
27.7777777778
28.7777777778
26.2222222222
21.6666666667
18.2777777778
18.5555555556
19.3333333333
18.2222222222
16.6111111111
18.2777777778
20.0555555556
20.5
22.3333333333
23.8333333333
23.9444444444
24.3888888889
23.7777777778
18.6666666667
18.8333333333
20.6666666667
20.7777777778
19.9444444444
17.1666666667
17.0
16.6111111111
17.7222222222
17.8333333333
18.1111111111
17.7222222222
15.9444444444
14.0555555556
14.0555555556
18.1111111111
15.0
15.4444444444
15.7777777778
16.1111111111
14.0
12.8333333333
12.8333333333
14.0555555556
13.1666666667
13.7777777778
14.0555555556
16.1111111111
16.5555555556
17.3333333333
14.3888888889
14.0
13.7222222222
14.2777777778
11.2222222222
12.0555555556
12.0555555556
11.8333333333
10.0555555556
10.3888888889
10.8333333333
14.7222222222
15.2777777778
13.1111111111
12.0
11.9444444444
9.44444444444
9.5
9.38888888889
11.3888888889
12.8888888889
13.2777777778
11.3888888889
11.1111111111
10.7222222222
10.1666666667
10.2777777778
11.6666666667
9.94444444444
11.2777777778
10.7222222222
8.88888888889
5.77777777778
9.72222222222
12.3333333333
12.8888888889
12.8333333333
9.27777777778
7.5
6.16666666667
9.11111111111
9.94444444444
7.27777777778
4.77777777778
5.5
4.16666666667
8.33333333333
11.3333333333
11.7777777778
9.5
7.11111111111
10.0
7.44444444444
8.0
8.66666666667
8.27777777778
9.22222222222
10.7777777778
6.55555555556
7.77777777778
9.0
12.3333333333
9.72222222222
11.5
-72.7777777778
9.94444444444
11.5555555556
8.66666666667
9.94444444444
8.5
7.83333333333
7.88888888889
8.61111111111
10.2222222222
13.2222222222
13.5555555556
12.1111111111
12.8333333333
11.8888888889
12.7777777778
12.3333333333
12.3333333333
13.0555555556
12.5555555556
8.94444444444
8.0
8.55555555556
8.38888888889
8.11111111111
8.94444444444
8.38888888889
7.77777777778
9.16666666667
11.1111111111
11.1111111111
13.7777777778
14.2777777778
12.8888888889
13.8333333333
10.1666666667
10.7222222222
9.66666666667
8.44444444444
10.7222222222
11.2222222222
12.0
13.5555555556
12.1666666667
11.3333333333
10.2777777778
9.11111111111
-72.7777777778
11.4444444444
11.1666666667
11.7222222222
10.7777777778
11.9444444444
12.8333333333
12.8333333333
14.0555555556
14.0
14.8888888889
16.1111111111
18.6111111111
17.8333333333
16.3888888889
12.4444444444
11.2222222222
11.6111111111
11.6666666667
14.8333333333
13.8333333333
16.2222222222
16.0555555556
15.2222222222
15.3888888889
17.5555555556
14.7777777778
14.7777777778
16.7777777778
18.8333333333
20.7222222222
18.8333333333
11.0555555556
10.5555555556
10.4444444444
8.72222222222
11.7777777778
13.6666666667
17.7222222222
19.4444444444
19.6666666667
16.5555555556
17.1111111111
15.4444444444
12.8333333333
12.6666666667
14.7222222222
14.7777777778
12.6111111111
14.3333333333
16.5555555556
15.2222222222
10.3333333333
14.5555555556
16.2777777778
14.5
15.1111111111
16.3333333333
15.5555555556
14.5555555556
14.2777777778
17.3333333333
16.3888888889
14.6666666667
15.6666666667
14.8333333333
16.6111111111
16.3888888889
14.2222222222
12.0555555556
17.0
17.9444444444
20.3888888889
22.8333333333
21.7222222222
19.0
20.2777777778
21.9444444444
20.0555555556
20.3888888889
24.1111111111
26.1111111111
27.8888888889
28.7777777778
26.6666666667
21.7222222222
22.6111111111
24.8888888889
29.3888888889
31.5555555556
22.9444444444
24.1666666667
26.7777777778
29.6666666667
30.2222222222
27.1111111111
27.1111111111
25.2777777778
24.3888888889
25.8888888889
27.1666666667
23.3333333333
20.5
20.7777777778
21.0555555556
23.6666666667
25.1666666667
27.5
30.2222222222
27.2777777778
23.1111111111
20.9444444444
22.2222222222
22.8333333333
22.3333333333
21.6666666667
27.1111111111
30.1111111111
31.6666666667
32.3888888889
30.8333333333
27.8888888889
26.9444444444
27.1666666667
28.6666666667
28.3888888889
29.2222222222
27.9444444444
26.7777777778
25.3333333333
28.2222222222
30.2222222222
29.7777777778
30.3888888889
28.8888888889
28.7222222222
30.8333333333
30.5555555556
31.7222222222
33.5555555556
31.0555555556
31.5555555556
33.6666666667
33.2222222222
33.2777777778
32.4444444444
32.1111111111
30.5
31.6111111111
32.8333333333
33.2222222222
33.5555555556
29.9444444444
27.1111111111
28.3888888889
26.5
26.6111111111
24.5555555556
24.6111111111
24.2777777778
25.3333333333
26.6111111111
26.8333333333
27.3333333333
26.6666666667
26.7777777778
28.9444444444
26.4444444444
28.0
28.8888888889
30.0555555556
28.5
27.7777777778
29.7222222222
25.4444444444
23.9444444444
27.0
29.2222222222
31.7222222222
30.0555555556
27.3333333333
25.2777777778
26.2222222222
28.0555555556
29.0555555556
30.8888888889
32.1111111111
30.4444444444
28.3333333333
25.9444444444
24.2777777778
23.4444444444
23.4444444444
22.1666666667
25.1666666667
27.6666666667
28.0555555556
28.4444444444
27.6111111111
25.7777777778
22.2222222222
22.6111111111
24.6111111111
25.4444444444
27.2222222222
29.0555555556
27.8888888889
26.7777777778
23.0555555556
23.7222222222
24.2777777778
24.8888888889
23.5
24.0
24.5
21.2222222222
21.5
22.5
22.0555555556
22.8888888889
24.2222222222
23.5
22.2777777778
18.3333333333
18.5
19.6111111111
19.7777777778
20.5555555556
20.2777777778
19.3333333333
20.2222222222
20.8888888889
21.9444444444
21.3333333333
22.7777777778
22.7777777778
20.4444444444
20.6111111111
20.5555555556
20.8333333333
21.4444444444
21.6666666667
20.8888888889
14.3888888889
11.5
11.2777777778
10.1111111111
11.0
9.05555555556
9.94444444444
11.9444444444
14.4444444444
14.6666666667
14.3333333333
12.9444444444
12.5555555556
12.0555555556
14.0
12.7222222222
13.0555555556
11.2777777778
10.8333333333
12.3888888889
13.1111111111
12.6111111111
11.9444444444
7.05555555556
6.38888888889
7.11111111111
6.33333333333
6.44444444444
7.72222222222
11.1111111111
10.7777777778
9.88888888889
12.0555555556
12.8333333333
12.0555555556
9.77777777778
11.8888888889
13.0555555556
13.8333333333
8.83333333333
7.27777777778
12.6111111111
9.72222222222
6.0
9.77777777778
10.2222222222
6.5
6.94444444444
6.61111111111
6.83333333333
10.6666666667
12.6666666667
11.0555555556
11.1666666667
9.94444444444
11.7222222222
11.5
6.66666666667
4.55555555556
4.0
7.66666666667
10.8333333333
10.0
9.05555555556
9.0
6.22222222222
3.77777777778
5.0
6.27777777778
9.44444444444
11.7222222222
12.9444444444
10.2222222222
9.55555555556
7.72222222222
7.72222222222
7.27777777778
6.66666666667
8.0
8.27777777778
8.5
8.88888888889
8.55555555556
7.16666666667
9.16666666667
8.05555555556
7.22222222222
8.44444444444
7.83333333333
9.5
8.72222222222
8.88888888889
9.0
9.33333333333
6.5
10.5
7.77777777778
9.05555555556
7.55555555556
8.61111111111
10.6666666667
7.94444444444
8.05555555556
8.55555555556
9.66666666667
10.0555555556
10.8888888889
11.8888888889
11.9444444444
14.0555555556
13.2222222222
13.2777777778
9.77777777778
10.0
10.3333333333
11.3888888889
11.0
11.1111111111
12.3333333333
11.7777777778
9.11111111111
8.11111111111
9.72222222222
10.8333333333
10.0
10.3333333333
10.7222222222
11.5
13.2777777778
14.7777777778
17.2222222222
18.0
18.3888888889
18.2222222222
17.8333333333
18.8333333333
19.0
19.3888888889
20.0
20.1111111111
20.7222222222
21.1111111111
20.7222222222
21.2222222222
20.2222222222
17.9444444444
16.5555555556
15.8888888889
13.8333333333
13.5555555556
15.6666666667
19.6111111111
18.8888888889
13.7222222222
14.9444444444
14.6111111111
17.7777777778
19.3333333333
17.0
15.1666666667
15.5
18.8888888889
21.2222222222
22.0
22.1111111111
21.7222222222
18.7777777778
15.9444444444
16.3888888889
14.5
13.9444444444
12.6111111111
15.0555555556
17.6111111111
18.1666666667
15.9444444444
19.3888888889
21.1666666667
23.3333333333
25.5
26.3333333333
25.1111111111
20.8333333333
21.0555555556
23.7222222222
25.4444444444
27.0555555556
28.1111111111
24.7222222222
23.1666666667
22.1666666667
21.5555555556
20.6111111111
19.2222222222
17.0555555556
18.3333333333
21.1666666667
23.6666666667
23.2222222222
22.0555555556
20.5
18.7777777778
19.1666666667
20.5555555556
19.2222222222
19.2777777778
19.3333333333
19.0555555556
19.2222222222
21.5555555556
25.0555555556
22.0555555556
18.6111111111
22.6111111111
26.1111111111
27.2222222222
27.9444444444
28.0
26.1666666667
26.2222222222
26.6666666667
24.1666666667
19.6666666667
18.2222222222
20.5
22.9444444444
23.4444444444
25.9444444444
26.1666666667
28.5555555556
29.6666666667
26.3333333333
24.0555555556
24.3333333333
25.5
25.0555555556
26.7777777778
26.1666666667
25.5555555556
27.3333333333
26.7222222222
25.2777777778
28.4444444444
25.4444444444
24.0
23.2222222222
29.7222222222
28.3888888889
28.0
29.9444444444
30.5555555556
30.8333333333
26.8333333333
25.5555555556
24.8888888889
27.2777777778
29.5
28.6111111111
28.2777777778
28.2222222222
29.6666666667
30.0
29.7777777778
29.6666666667
29.6111111111
29.8333333333
31.1111111111
30.2222222222
29.6666666667
28.8888888889
30.7777777778
30.7777777778
29.0555555556
27.7222222222
27.5555555556
27.4444444444
25.1666666667
24.3333333333
23.7777777778
26.7222222222
27.5
25.8888888889
26.2777777778
28.4444444444
30.0555555556
29.5
30.5
32.2777777778
29.6666666667
28.6666666667
25.2777777778
26.6111111111
28.0
29.2222222222
30.6666666667
29.0
27.8888888889
24.4444444444
23.7777777778
24.4444444444
25.2222222222
24.9444444444
24.6111111111
27.7222222222
29.2777777778
28.6666666667
28.7222222222
28.7777777778
28.5555555556
24.1666666667
24.1666666667
26.6111111111
28.2222222222
28.7222222222
29.5555555556
30.2777777778
29.6666666667
28.2222222222
28.0
23.9444444444
23.2777777778
24.7222222222
26.3333333333
26.7222222222
22.6111111111
17.0
16.2777777778
17.6666666667
20.2222222222
23.0
23.9444444444
24.8888888889
24.6111111111
24.5
21.1111111111
19.6111111111
19.3888888889
18.5
21.1666666667
22.5
22.0
21.5
22.7222222222
22.8888888889
23.5
21.5555555556
18.0555555556
19.2777777778
21.0
23.1666666667
23.3333333333
23.2777777778
20.9444444444
19.6111111111
16.4444444444
14.8333333333
14.3888888889
11.7777777778
13.3888888889
14.5
15.7222222222
14.2222222222
13.0555555556
10.2222222222
11.0555555556
11.5555555556
12.0555555556
11.8333333333
10.6111111111
12.5
12.6111111111
10.0555555556
9.55555555556
10.7777777778
12.2222222222
12.7222222222
12.7777777778
14.7777777778
13.4444444444
12.8888888889
12.7777777778
12.2222222222
12.2777777778
12.2777777778
11.7777777778
10.8888888889
10.9444444444
11.1111111111
8.61111111111
8.05555555556
8.66666666667
8.66666666667
10.2777777778
10.8333333333
9.94444444444
6.61111111111
5.5
5.11111111111
4.66666666667
4.88888888889
4.55555555556
4.88888888889
7.16666666667
7.55555555556
9.94444444444
11.2777777778
10.8333333333
10.6666666667
10.4444444444
9.61111111111
9.66666666667
10.1111111111
9.61111111111
8.0
6.83333333333
6.44444444444
5.5
5.05555555556
5.0
5.77777777778
2.44444444444
3.05555555556
3.16666666667
5.77777777778
10.8333333333
11.4444444444
10.7777777778
9.88888888889
10.4444444444
9.61111111111
9.44444444444
9.11111111111
6.61111111111
7.44444444444
7.77777777778
8.83333333333
11.4444444444
13.0555555556
11.6111111111
10.5555555556
6.11111111111
4.27777777778
6.61111111111
5.77777777778
5.88888888889
5.66666666667
6.66666666667
7.11111111111
6.94444444444
7.22222222222
7.38888888889
7.22222222222
7.5
12.2222222222
14.1666666667
9.22222222222
11.0
6.83333333333
7.16666666667
7.5
8.77777777778
10.1111111111
10.3888888889
11.0555555556
11.7222222222
10.8888888889
11.1666666667
10.6111111111
10.4444444444
10.3333333333
12.2777777778
13.0555555556
13.5
13.7222222222
13.2777777778
13.0
12.8888888889
13.0
12.5555555556
13.3333333333
14.2777777778
12.1111111111
12.5555555556
12.2777777778
11.7222222222
11.5
12.6111111111
13.8888888889
12.1666666667
13.0
12.3888888889
14.1111111111
13.1111111111
13.5555555556
15.0555555556
16.0
17.2777777778
17.0
17.8333333333
19.2222222222
16.1111111111
14.9444444444
15.0
14.8888888889
14.2222222222
15.2222222222
13.1666666667
12.3333333333
12.5555555556
14.2222222222
10.9444444444
11.5555555556
11.2777777778
12.1666666667
15.1666666667
14.2222222222
11.2777777778
11.6111111111
13.3333333333
16.4444444444
16.7777777778
14.2222222222
12.6111111111
13.3333333333
17.8888888889
17.0555555556
10.2777777778
9.94444444444
13.1666666667
15.7777777778
15.0555555556
13.1111111111
11.4444444444
14.3888888889
17.6111111111
18.8888888889
15.9444444444
14.0
15.5
16.7777777778
18.2777777778
16.0555555556
15.9444444444
15.2777777778
17.7222222222
18.6666666667
14.6666666667
13.4444444444
17.6666666667
18.6111111111
19.1666666667
20.0555555556
20.2222222222
17.6666666667
15.5
16.8333333333
17.8888888889
15.6666666667
12.7777777778
15.8333333333
18.9444444444
21.5
22.9444444444
23.7777777778
21.2222222222
17.3333333333
20.9444444444
23.2777777778
21.1111111111
20.2777777778
23.1111111111
24.3333333333
25.1111111111
27.2777777778
27.6111111111
26.7777777778
25.0555555556
19.0
20.2222222222
24.3888888889
26.1111111111
23.5555555556
23.0555555556
24.3888888889
21.2222222222
18.0
17.4444444444
19.0555555556
20.8333333333
21.6666666667
22.6111111111
23.9444444444
26.0555555556
28.8888888889
26.8888888889
23.7777777778
19.6111111111
18.6666666667
20.2222222222
21.7222222222
23.6666666667
23.0555555556
26.1111111111
23.7777777778
23.2777777778
23.3333333333
24.2222222222
23.5555555556
25.6666666667
29.1666666667
30.8333333333
30.8333333333
29.0555555556
28.7777777778
28.5555555556
28.0
28.2222222222
27.0
25.1111111111
25.1666666667
27.0
30.2222222222
31.9444444444
32.8333333333
33.1111111111
33.6111111111
33.8333333333
33.5555555556
31.7222222222
31.8333333333
33.3888888889
28.6666666667
30.0
32.4444444444
31.0
30.1111111111
30.8888888889
31.2777777778
32.5
30.6111111111
31.6111111111
31.5
30.8333333333
29.8333333333
29.7222222222
31.0555555556
32.2777777778
32.3888888889
32.1666666667
30.6666666667
30.6111111111
29.0555555556
29.3333333333
27.6666666667
25.2777777778
25.8888888889
24.7222222222
28.6111111111
27.1111111111
24.6666666667
26.1111111111
27.1111111111
27.6111111111
28.7777777778
28.8888888889
27.6111111111
28.7777777778
30.0555555556
30.2777777778
30.5555555556
25.5
25.1111111111
28.1111111111
27.4444444444
27.2777777778
25.9444444444
24.0555555556
25.3888888889
25.1666666667
24.3333333333
21.2222222222
20.5
19.5
19.3333333333
19.9444444444
20.3888888889
21.3333333333
21.8333333333
21.0555555556
19.7777777778
22.1666666667
25.2222222222
22.5
24.6666666667
25.8888888889
19.7222222222
20.4444444444
23.2222222222
21.5
22.6111111111
24.2222222222
25.0555555556
25.5555555556
22.0555555556
18.2777777778
16.3333333333
17.2222222222
19.4444444444
21.2222222222
19.6666666667
17.0555555556
19.5
21.0555555556
20.3333333333
21.5
22.7777777778
19.2777777778
16.0
19.0
19.5555555556
18.7777777778
17.5555555556
18.2777777778
19.4444444444
19.6111111111
19.7222222222
18.8888888889
16.7222222222
15.1111111111
12.7222222222
15.5
14.7777777778
15.8888888889
17.1666666667
17.8888888889
14.6666666667
13.5
14.0
13.7777777778
16.4444444444
17.1111111111
14.2222222222
14.5
13.3888888889
12.6111111111
12.7222222222
13.5
14.0
14.8333333333
14.6666666667
15.3888888889
13.9444444444
13.6111111111
14.0
13.6111111111
13.3888888889
12.8888888889
15.2222222222
11.7777777778
7.22222222222
7.61111111111
12.0
11.8333333333
12.4444444444
12.7777777778
7.88888888889
6.33333333333
6.61111111111
6.38888888889
7.05555555556
10.7777777778
8.72222222222
6.83333333333
7.5
8.61111111111
7.44444444444
7.61111111111
7.11111111111
6.55555555556
6.05555555556
11.3888888889
14.5
14.6111111111
14.2222222222
16.1111111111
15.0
14.1111111111
12.5
13.8333333333
11.9444444444
12.3888888889
9.5
9.5
13.6111111111
9.66666666667
11.5555555556
10.3888888889
10.3333333333
10.1111111111
10.2222222222
10.8888888889
9.88888888889
10.4444444444
7.88888888889
8.27777777778
9.44444444444
8.88888888889
12.2777777778
8.66666666667
5.77777777778
7.0
9.16666666667
6.88888888889
6.83333333333
5.61111111111
8.5
6.27777777778
5.88888888889
9.11111111111
10.0555555556
8.88888888889
8.16666666667
9.05555555556
9.77777777778
9.77777777778
9.33333333333
12.5555555556
12.0
11.1666666667
9.5
10.8333333333
11.4444444444
11.6111111111
12.3888888889
13.0
13.3888888889
13.5
14.4444444444
14.3333333333
10.2222222222
6.0
6.61111111111
7.05555555556
7.22222222222
5.55555555556
6.94444444444
8.16666666667
9.83333333333
11.3888888889
12.8888888889
14.7222222222
15.0555555556
15.5
10.3888888889
10.8333333333
10.4444444444
4.77777777778
9.83333333333
12.7777777778
10.6111111111
7.44444444444
11.1111111111
7.22222222222
5.33333333333
5.16666666667
7.77777777778
9.0
7.11111111111
10.1111111111
10.0
9.0
9.61111111111
9.55555555556
7.44444444444
9.94444444444
13.1111111111
15.2777777778
14.3888888889
9.88888888889
12.3333333333
12.2777777778
10.1666666667
11.6666666667
12.6111111111
11.6111111111
12.7222222222
14.2222222222
14.7222222222
10.3333333333
10.5555555556
13.5555555556
14.3333333333
13.5
13.2222222222
13.5555555556
16.5
16.1111111111
17.2777777778
14.1111111111
13.8888888889
11.8888888889
11.7222222222
14.7222222222
17.6111111111
18.7222222222
15.8888888889
13.0555555556
14.3333333333
15.6666666667
14.6666666667
15.9444444444
19.9444444444
21.4444444444
21.5
23.2777777778
23.0555555556
21.7777777778
16.6666666667
18.3888888889
19.2222222222
18.8333333333
22.5555555556
21.6666666667
21.9444444444
25.9444444444
26.0
24.1666666667
23.8333333333
27.3888888889
28.1666666667
28.7222222222
29.8333333333
26.7777777778
22.0
21.7777777778
16.4444444444
19.0555555556
21.0555555556
20.5555555556
18.9444444444
16.3333333333
16.6666666667
19.3333333333
21.3333333333
24.0
25.6111111111
25.7222222222
25.8333333333
27.7222222222
26.0
25.5555555556
26.4444444444
25.0
23.6666666667
23.2222222222
23.3333333333
21.9444444444
20.7222222222
20.0
22.7222222222
25.5555555556
29.2777777778
29.4444444444
26.7222222222
26.2777777778
28.9444444444
30.2777777778
32.5555555556
32.6666666667
31.8333333333
32.1111111111
31.9444444444
30.6666666667
29.9444444444
30.2777777778
27.2777777778
29.3333333333
29.0555555556
29.0555555556
27.2777777778
25.3888888889
25.9444444444
29.3888888889
31.7777777778
32.1666666667
29.0
26.6666666667
26.6111111111
29.6111111111
30.4444444444
31.7222222222
32.5
34.0555555556
32.9444444444
32.8333333333
35.7222222222
35.7777777778
38.6666666667
36.5555555556
36.5555555556
34.8888888889
32.9444444444
31.1111111111
29.8888888889
27.8333333333
27.7222222222
24.0555555556
26.2777777778
28.2777777778
27.7222222222
25.4444444444
24.7777777778
24.5
23.1111111111
26.6666666667
29.6111111111
29.7222222222
26.6111111111
26.1666666667
26.4444444444
25.3333333333
25.8333333333
25.2777777778
26.5555555556
27.0555555556
26.7777777778
26.0
26.6111111111
27.7222222222
27.7777777778
26.5555555556
25.0555555556
27.0555555556
28.0555555556
28.3333333333
27.1666666667
27.3333333333
28.5555555556
28.6666666667
27.6666666667
26.4444444444
27.6666666667
29.1111111111
29.0
26.7777777778
21.4444444444
22.0
24.5
26.4444444444
28.5
28.2222222222
18.2222222222
17.3888888889
19.9444444444
22.6666666667
24.0
21.5
22.4444444444
21.6666666667
21.5
22.9444444444
23.2777777778
24.1666666667
24.1111111111
23.4444444444
23.7222222222
22.0
17.8333333333
16.3888888889
18.5
18.2222222222
16.8888888889
15.2222222222
16.8888888889
18.1111111111
19.8888888889
19.5555555556
17.6666666667
18.2777777778
18.0
17.0555555556
16.7222222222
16.6111111111
15.5555555556
16.0555555556
16.5555555556
17.8333333333
18.9444444444
20.3888888889
19.8333333333
19.2777777778
17.6111111111
15.6666666667
16.0555555556
16.4444444444
16.3888888889
14.6111111111
13.2222222222
13.2777777778
16.6666666667
17.5
14.8333333333
13.2222222222
15.2777777778
16.6111111111
17.1111111111
14.1666666667
11.4444444444
12.2222222222
11.7777777778
13.3333333333
14.8888888889
12.1111111111
13.5
15.0555555556
14.8888888889
13.1666666667
12.8888888889
13.0555555556
10.9444444444
12.7222222222
8.27777777778
9.72222222222
8.83333333333
10.7222222222
7.94444444444
4.0
6.83333333333
6.27777777778
7.22222222222
8.11111111111
8.11111111111
8.27777777778
8.83333333333
9.55555555556
12.1111111111
15.8888888889
11.5
8.33333333333
8.72222222222
9.66666666667
12.6111111111
10.4444444444
7.83333333333
6.11111111111
5.83333333333
4.27777777778
4.61111111111
4.55555555556
6.77777777778
5.44444444444
5.88888888889
6.0
11.0555555556
10.7222222222
5.72222222222
4.38888888889
4.88888888889
6.05555555556
5.66666666667
4.94444444444
7.61111111111
8.05555555556
5.88888888889
4.11111111111
5.05555555556
5.61111111111
6.66666666667
7.27777777778
6.94444444444
1.94444444444
1.22222222222
1.5
1.55555555556
2.61111111111
3.66666666667
3.94444444444
4.38888888889
5.44444444444
5.5
5.61111111111
6.77777777778
7.94444444444
9.16666666667
10.3333333333
9.5
10.5555555556
8.61111111111
8.88888888889
8.72222222222
9.11111111111
8.72222222222
8.22222222222
9.66666666667
11.1666666667
13.0555555556
11.7777777778
10.3888888889
13.0
13.1111111111
13.9444444444
10.8888888889
10.7222222222
9.88888888889
10.5
12.0555555556
13.1666666667
14.6111111111
10.7777777778
9.77777777778
11.0555555556
11.0555555556
7.05555555556
6.77777777778
9.33333333333
9.44444444444
9.83333333333
7.22222222222
7.27777777778
7.55555555556
10.0555555556
13.1666666667
16.6111111111
15.9444444444
17.1111111111
15.3888888889
13.2222222222
12.5
15.9444444444
17.6111111111
19.2222222222
19.8888888889
17.6111111111
19.4444444444
20.2222222222
18.4444444444
18.2222222222
16.1111111111
11.5555555556
13.5555555556
16.3333333333
18.5555555556
17.5
16.5
10.5555555556
9.61111111111
12.9444444444
15.7777777778
17.6666666667
19.8888888889
17.9444444444
18.5555555556
19.1666666667
19.5555555556
20.2777777778
20.1666666667
18.5555555556
17.8333333333
15.8888888889
16.0555555556
12.7222222222
13.7777777778
15.2777777778
10.2222222222
13.5555555556
18.2222222222
11.7222222222
10.8888888889
12.2777777778
14.5
13.1666666667
12.7777777778
17.1666666667
19.5555555556
17.6111111111
21.9444444444
25.5555555556
26.1111111111
23.6111111111
22.3333333333
19.3888888889
15.5
13.9444444444
14.4444444444
19.0
22.6111111111
25.7222222222
26.3888888889
25.2222222222
23.5555555556
20.6111111111
18.8888888889
22.4444444444
25.0
21.7222222222
22.9444444444
21.7222222222
21.3333333333
22.5
21.8888888889
22.0555555556
22.0
25.3888888889
25.4444444444
25.9444444444
24.0555555556
23.3333333333
24.8888888889
23.5
22.5
24.4444444444
24.8333333333
25.7222222222
25.8888888889
23.0
17.5
18.0555555556
21.6111111111
23.8888888889
26.1111111111
25.0
26.1666666667
28.6666666667
30.5555555556
31.6666666667
29.1111111111
25.3333333333
28.0
29.1111111111
26.5555555556
25.8888888889
26.8333333333
26.7777777778
25.4444444444
23.8888888889
27.5
26.8888888889
26.0
25.7222222222
25.4444444444
25.1111111111
25.7222222222
27.8333333333
29.7777777778
33.1666666667
35.0555555556
30.8333333333
27.8333333333
29.9444444444
28.7222222222
26.7222222222
24.7222222222
25.6666666667
28.3333333333
29.0
29.0555555556
25.6111111111
25.7222222222
24.6111111111
26.0
26.7222222222
28.2777777778
29.2222222222
30.5
29.8888888889
28.3888888889
28.6111111111
29.2777777778
29.6111111111
29.2222222222
30.1666666667
30.4444444444
30.7222222222
29.8333333333
32.0
29.9444444444
22.8333333333
22.1111111111
23.7222222222
25.7777777778
27.7222222222
28.0555555556
25.5555555556
26.7777777778
27.6111111111
28.2222222222
26.9444444444
25.6666666667
26.1111111111
24.9444444444
26.3888888889
29.0
29.8888888889
30.1111111111
29.6111111111
29.3333333333
27.7222222222
29.4444444444
-72.7777777778
31.5555555556
32.1111111111
31.2222222222
32.8333333333
32.5555555556
30.9444444444
28.6666666667
23.8888888889
27.0555555556
25.8888888889
24.2777777778
25.9444444444
25.2777777778
26.2222222222
26.0555555556
21.7777777778
21.3888888889
21.7777777778
21.3333333333
22.1666666667
23.1666666667
20.1111111111
15.7777777778
18.2777777778
18.9444444444
17.7222222222
18.6666666667
21.2222222222
22.8333333333
23.5
21.7222222222
17.1666666667
18.4444444444
20.3888888889
19.5
21.3888888889
19.6666666667
15.2222222222
12.5555555556
16.2222222222
18.0
20.2777777778
18.7222222222
16.2777777778
17.3888888889
14.2222222222
17.0555555556
17.5
16.3888888889
16.6666666667
15.9444444444
17.3333333333
18.1666666667
13.6111111111
15.8888888889
19.4444444444
20.5
21.0555555556
19.3888888889
19.0555555556
18.9444444444
20.0
16.5555555556
16.1111111111
15.7222222222
16.1666666667
16.7222222222
16.3333333333
16.2222222222
17.0555555556
17.8888888889
17.0
16.0
13.7222222222
15.2777777778
13.5555555556
14.3333333333
15.8888888889
16.0555555556
16.3888888889
14.5555555556
14.7777777778
14.5555555556
13.3888888889
11.8888888889
11.1111111111
10.5555555556
10.1111111111
10.0555555556
10.5555555556
9.94444444444
9.16666666667
9.5
9.0
5.66666666667
6.77777777778
9.0
10.1666666667
13.1111111111
10.3888888889
11.4444444444
8.0
5.11111111111
6.44444444444
5.38888888889
5.72222222222
5.22222222222
5.27777777778
6.55555555556
6.05555555556
8.38888888889
10.7777777778
11.1111111111
10.5555555556
6.38888888889
4.72222222222
4.66666666667
4.11111111111
5.61111111111
5.5
3.61111111111
5.16666666667
7.55555555556
8.0
6.83333333333
6.72222222222
7.27777777778
10.5
11.6111111111
10.7222222222
9.33333333333
9.16666666667
7.16666666667
8.88888888889
7.77777777778
8.05555555556
8.11111111111
10.3333333333
7.72222222222
7.38888888889
7.27777777778
5.66666666667
5.77777777778
7.22222222222
7.77777777778
7.5
8.61111111111
8.33333333333
6.55555555556
10.1111111111
12.2777777778
13.2777777778
8.38888888889
4.83333333333
7.55555555556
6.33333333333
9.27777777778
6.44444444444
8.22222222222
7.22222222222
6.38888888889
7.55555555556
8.72222222222
9.88888888889
9.5
9.16666666667
10.6666666667
12.2222222222
12.6666666667
9.66666666667
9.38888888889
9.83333333333
10.7222222222
12.2777777778
11.4444444444
11.1666666667
10.1666666667
10.9444444444
8.55555555556
11.9444444444
9.88888888889
11.1111111111
13.2777777778
13.4444444444
15.4444444444
14.8888888889
10.6111111111
12.2222222222
12.8888888889
12.5
13.4444444444
13.3888888889
14.7777777778
13.7777777778
15.5555555556
16.5
15.5555555556
16.1666666667
13.3888888889
10.8333333333
8.27777777778
11.7777777778
13.4444444444
14.8888888889
14.6666666667
12.3333333333
13.8888888889
16.7222222222
17.2777777778
17.2222222222
16.6666666667
12.1666666667
12.1666666667
15.7777777778
12.5555555556
11.3888888889
13.7777777778
14.8888888889
15.8888888889
17.1666666667
14.8888888889
14.4444444444
13.1111111111
13.3888888889
11.9444444444
14.3333333333
18.1111111111
21.3888888889
23.4444444444
23.0555555556
13.4444444444
13.3888888889
17.8333333333
20.6111111111
17.9444444444
11.6666666667
11.4444444444
13.1111111111
15.7777777778
13.4444444444
16.3888888889
19.8888888889
23.8888888889
25.4444444444
20.9444444444
14.5555555556
14.9444444444
18.5555555556
19.2777777778
19.8888888889
18.0
21.8888888889
21.7222222222
18.8333333333
20.7222222222
20.3333333333
23.0
19.8333333333
20.2777777778
23.8333333333
26.9444444444
30.3333333333
31.2222222222
31.0555555556
29.7222222222
29.0
20.6111111111
20.0
19.9444444444
17.6111111111
14.6111111111
14.8333333333
17.8333333333
17.0555555556
18.5
19.2222222222
20.6666666667
21.2222222222
21.0555555556
22.0
20.9444444444
20.8333333333
23.0
20.8333333333
23.3333333333
26.7222222222
27.6111111111
21.8333333333
24.7777777778
28.2222222222
29.3888888889
28.4444444444
28.2222222222
27.4444444444
28.2777777778
28.1666666667
30.0555555556
33.2777777778
31.5555555556
27.9444444444
26.5555555556
26.7777777778
25.1666666667
28.3888888889
28.7222222222
27.4444444444
27.8333333333
26.6666666667
27.1666666667
27.6666666667
26.3888888889
26.5
28.9444444444
30.7777777778
33.3333333333
34.3333333333
35.2222222222
31.0
29.0
28.7222222222
30.7222222222
28.7222222222
28.4444444444
29.1666666667
28.2222222222
29.1111111111
27.3888888889
24.6111111111
25.0555555556
27.8333333333
29.2777777778
29.2222222222
30.0
29.1666666667
26.7777777778
27.0
26.4444444444
28.5555555556
27.7777777778
28.6111111111
29.0
28.2222222222
29.3333333333
28.7222222222
29.6111111111
28.7777777778
27.0555555556
26.6666666667
28.1111111111
29.5555555556
30.2777777778
32.0
32.3333333333
32.1666666667
29.2777777778
27.2777777778
24.7777777778
24.2777777778
27.1111111111
28.1666666667
28.6111111111
29.6666666667
30.0555555556
28.0555555556
28.4444444444
30.9444444444
31.3888888889
32.9444444444
27.8888888889
22.1666666667
24.2222222222
26.6111111111
27.6111111111
28.7777777778
29.7777777778
29.8888888889
29.8333333333
26.2777777778
22.4444444444
24.6111111111
26.7222222222
24.5
24.5555555556
26.2777777778
26.5
25.3888888889
21.3333333333
22.2777777778
21.0555555556
20.7222222222
21.1666666667
20.6666666667
-72.7777777778
26.2222222222
26.3333333333
26.4444444444
26.5
27.1111111111
27.2777777778
26.6666666667
26.6111111111
21.6111111111
20.2777777778
17.5
18.9444444444
21.1111111111
22.5
21.0
14.5555555556
11.6111111111
12.3888888889
13.7222222222
15.8333333333
17.8333333333
18.9444444444
20.5555555556
21.6111111111
19.5
18.9444444444
17.1666666667
18.3333333333
19.5555555556
19.9444444444
19.8333333333
19.7222222222
19.3333333333
19.3888888889
18.7222222222
20.0
20.5
20.1111111111
17.8888888889
14.2777777778
14.1111111111
10.5555555556
11.5555555556
12.9444444444
14.1111111111
14.1111111111
13.1111111111
12.8888888889
13.4444444444
13.6111111111
14.1111111111
15.7222222222
16.7222222222
16.9444444444
16.8333333333
15.6111111111
14.6111111111
13.5
11.3888888889
10.4444444444
10.7222222222
13.0
13.5555555556
12.8888888889
12.9444444444
11.2777777778
11.2777777778
10.3333333333
9.16666666667
9.77777777778
9.83333333333
6.83333333333
6.11111111111
6.5
6.27777777778
8.16666666667
6.83333333333
6.83333333333
6.61111111111
7.88888888889
5.33333333333
7.0
6.22222222222
4.66666666667
3.05555555556
6.33333333333
5.83333333333
5.77777777778
8.44444444444
7.66666666667
8.44444444444
10.4444444444
5.11111111111
4.61111111111
5.22222222222
6.16666666667
7.38888888889
6.27777777778
5.94444444444
5.83333333333
6.88888888889
3.55555555556
4.44444444444
6.88888888889
7.22222222222
6.5
6.77777777778
5.22222222222
6.0
7.27777777778
8.94444444444
9.38888888889
9.44444444444
9.66666666667
10.2777777778
10.4444444444
10.5
10.6111111111
12.3888888889
12.4444444444
12.7777777778
13.7222222222
10.5
8.0
5.83333333333
6.72222222222
7.72222222222
8.27777777778
8.61111111111
9.77777777778
10.4444444444
11.9444444444
13.2777777778
13.7222222222
11.7222222222
8.94444444444
11.1111111111
9.5
6.11111111111
7.66666666667
7.11111111111
7.61111111111
7.16666666667
9.61111111111
10.0
8.66666666667
8.22222222222
9.61111111111
10.6666666667
10.5555555556
12.7222222222
15.1111111111
13.5555555556
13.6666666667
12.2777777778
12.0555555556
12.0555555556
16.1111111111
16.3888888889
14.7222222222
11.9444444444
9.33333333333
10.3333333333
9.05555555556
10.4444444444
10.5
7.38888888889
9.44444444444
10.7777777778
12.5
13.0555555556
11.5555555556
13.8888888889
15.4444444444
14.8888888889
17.1111111111
17.8888888889
16.8888888889
12.1111111111
8.22222222222
10.3888888889
13.7222222222
15.1111111111
17.7777777778
18.5555555556
17.7777777778
12.2222222222
14.3333333333
16.3888888889
18.1666666667
13.7222222222
12.5
14.9444444444
18.8888888889
19.0555555556
12.7222222222
-72.7777777778
14.4444444444
12.9444444444
15.1111111111
17.2777777778
14.9444444444
9.83333333333
12.2222222222
15.7777777778
19.1666666667
22.5555555556
25.1111111111
26.2222222222
25.8888888889
23.9444444444
19.3333333333
13.2222222222
15.2777777778
16.1111111111
13.1666666667
13.8888888889
15.7777777778
20.8333333333
17.8333333333
19.8888888889
19.1111111111
22.2777777778
22.2222222222
22.0
20.8888888889
22.8333333333
23.7222222222
24.4444444444
21.3333333333
21.1111111111
22.8333333333
23.0
27.1111111111
30.4444444444
30.5555555556
28.2777777778
25.0
24.6666666667
24.8888888889
24.3333333333
21.3333333333
20.6111111111
24.6666666667
28.2222222222
29.7222222222
28.8333333333
25.2777777778
24.8333333333
24.7222222222
22.9444444444
22.1666666667
21.8333333333
19.0
19.2222222222
21.0555555556
22.5555555556
21.3333333333
21.0
20.7222222222
21.5
21.4444444444
20.8888888889
21.2222222222
22.7222222222
24.6111111111
25.6666666667
29.4444444444
24.1111111111
19.8888888889
22.8888888889
26.2222222222
29.0
27.7222222222
27.6666666667
29.6111111111
32.2777777778
32.7777777778
30.7777777778
29.8888888889
29.6111111111
30.0555555556
29.6111111111
27.8333333333
25.3888888889
25.6666666667
25.7222222222
26.1666666667
26.2222222222
28.2777777778
27.5555555556
27.2222222222
29.0
31.3888888889
32.1111111111
32.6666666667
33.2777777778
34.5
34.2777777778
31.0
29.6666666667
30.3333333333
28.8888888889
26.5555555556
29.5
31.5555555556
31.9444444444
29.3333333333
28.5
28.6111111111
29.0
27.6111111111
26.1111111111
26.3888888889
26.3888888889
23.4444444444
21.6111111111
23.8888888889
27.5555555556
29.5555555556
30.1111111111
29.0555555556
29.5
27.8888888889
24.1666666667
26.2222222222
28.0
28.7777777778
29.0555555556
28.2777777778
28.1111111111
29.6666666667
29.1111111111
26.1111111111
26.2222222222
27.9444444444
27.8888888889
28.4444444444
29.0555555556
30.9444444444
29.5
27.4444444444
29.4444444444
30.1666666667
29.7222222222
25.6666666667
24.4444444444
23.0555555556
24.5
26.0
27.3888888889
28.6666666667
29.0
24.8333333333
20.9444444444
21.6111111111
24.3888888889
25.5
27.8333333333
29.8333333333
26.5555555556
27.1111111111
27.9444444444
29.0555555556
28.7222222222
28.0
28.0555555556
30.3333333333
29.2222222222
22.2777777778
16.4444444444
17.7777777778
19.7222222222
20.6111111111
15.1111111111
14.3888888889
15.6666666667
16.8333333333
18.2777777778
18.8333333333
19.0555555556
19.2777777778
16.3888888889
16.5
18.7777777778
21.5555555556
20.6111111111
19.8888888889
22.0
17.6666666667
13.2777777778
14.9444444444
16.8333333333
18.1666666667
19.5
18.8333333333
19.2777777778
17.3888888889
12.8888888889
10.8888888889
12.6111111111
14.1666666667
15.3333333333
16.5555555556
17.2777777778
18.3333333333
16.7777777778
14.4444444444
15.2222222222
12.5555555556
11.9444444444
12.0555555556
12.7222222222
11.2777777778
9.55555555556
8.88888888889
9.94444444444
10.8333333333
11.2777777778
11.5
8.66666666667
11.2777777778
11.6111111111
8.66666666667
10.8333333333
9.61111111111
10.5555555556
11.1666666667
11.4444444444
9.55555555556
7.38888888889
8.72222222222
9.16666666667
8.33333333333
8.44444444444
8.61111111111
9.44444444444
7.27777777778
7.38888888889
1.77777777778
2.22222222222
5.55555555556
9.5
11.7777777778
11.4444444444
10.8888888889
9.0
9.77777777778
8.77777777778
8.5
9.44444444444
8.27777777778
9.16666666667
9.38888888889
5.33333333333
4.88888888889
6.11111111111
6.38888888889
9.88888888889
8.27777777778
8.22222222222
9.22222222222
9.16666666667
8.66666666667
7.72222222222
8.83333333333
6.11111111111
5.88888888889
6.33333333333
5.11111111111
6.66666666667
6.83333333333
7.94444444444
7.88888888889
11.2777777778
13.8333333333
8.77777777778
7.83333333333
11.8333333333
11.0
10.7222222222
10.8888888889
9.38888888889
7.44444444444
7.83333333333
6.66666666667
7.16666666667
8.83333333333
10.9444444444
10.6111111111
10.3888888889
10.3888888889
12.2777777778
9.38888888889
9.83333333333
10.8333333333
8.94444444444
9.44444444444
12.7777777778
11.8888888889
9.72222222222
10.3888888889
10.1111111111
8.55555555556
9.55555555556
9.72222222222
11.2222222222
11.2222222222
11.7777777778
12.4444444444
13.6111111111
14.2222222222
12.7222222222
12.6111111111
11.0555555556
8.94444444444
8.61111111111
10.6666666667
9.83333333333
10.2777777778
12.2777777778
11.2222222222
12.2222222222
13.5555555556
11.1666666667
7.77777777778
8.88888888889
10.7777777778
10.8888888889
12.0555555556
8.0
8.61111111111
8.16666666667
10.9444444444
10.7222222222
9.05555555556
12.3888888889
15.9444444444
17.1666666667
16.3888888889
16.2222222222
17.7222222222
17.1111111111
15.0555555556
14.3333333333
16.1111111111
14.6666666667
12.6111111111
13.0555555556
16.7777777778
17.1111111111
16.0
11.7777777778
10.2222222222
11.1666666667
12.5
9.38888888889
10.2222222222
10.5
13.3888888889
16.5555555556
15.7222222222
16.3333333333
14.1666666667
10.8888888889
10.3888888889
13.5555555556
13.8888888889
16.5555555556
16.5
18.1111111111
20.0
16.3333333333
9.11111111111
9.05555555556
11.8888888889
17.3888888889
19.1111111111
21.5
21.4444444444
15.2777777778
10.7222222222
12.5
15.2777777778
18.1666666667
21.3888888889
21.6666666667
18.8888888889
16.3333333333
17.9444444444
19.7222222222
16.8333333333
13.4444444444
11.7222222222
15.7222222222
19.6111111111
22.1666666667
23.0555555556
24.0555555556
19.0555555556
16.9444444444
19.5555555556
19.0
17.9444444444
14.2222222222
13.5555555556
15.7222222222
17.2777777778
17.0555555556
18.0555555556
15.7777777778
17.7222222222
22.3333333333
24.8333333333
22.7777777778
22.1111111111
25.1666666667
26.0
26.7777777778
28.0
26.6111111111
25.2222222222
23.8333333333
19.9444444444
20.2777777778
23.7222222222
26.8333333333
28.9444444444
27.3333333333
22.2222222222
23.2222222222
24.5
19.7777777778
20.1111111111
23.0
25.6111111111
28.2222222222
29.5
24.8333333333
25.2777777778
29.5
32.5555555556
30.8888888889
28.9444444444
25.3888888889
24.7777777778
26.0
27.2222222222
29.0
27.8333333333
25.7222222222
27.2222222222
28.2222222222
29.6111111111
30.0
29.9444444444
27.7777777778
28.9444444444
30.4444444444
32.8333333333
33.0555555556
32.4444444444
31.3888888889
29.8333333333
28.0555555556
26.7222222222
28.7777777778
29.7777777778
30.5
28.1111111111
25.3333333333
24.7777777778
27.5
27.8333333333
28.1111111111
27.2777777778
27.7222222222
27.7777777778
28.9444444444
27.9444444444
26.3888888889
26.7777777778
26.5
25.3888888889
26.3888888889
25.5555555556
23.8888888889
26.8333333333
26.7222222222
26.2222222222
26.7777777778
29.6111111111
27.6111111111
26.8333333333
27.6111111111
27.8333333333
24.6111111111
24.6666666667
28.8333333333
32.1666666667
33.0555555556
29.0555555556
22.1666666667
20.3333333333
21.3888888889
21.7777777778
25.0
27.5
29.2777777778
28.9444444444
28.2777777778
25.8333333333
26.8333333333
21.3333333333
18.3888888889
20.6666666667
23.6666666667
25.1111111111
25.4444444444
23.2777777778
23.6666666667
23.7777777778
24.5555555556
23.9444444444
23.0555555556
21.7222222222
22.5555555556
19.5555555556
19.7777777778
22.3888888889
24.3333333333
25.7777777778
26.6111111111
28.4444444444
29.0555555556
29.2222222222
28.3333333333
28.1111111111
27.0
21.2777777778
16.2777777778
16.0
16.4444444444
18.4444444444
19.2777777778
21.0555555556
22.5
23.7222222222
24.9444444444
25.4444444444
25.3888888889
24.2777777778
21.2222222222
15.0555555556
16.4444444444
19.7222222222
19.7777777778
16.9444444444
18.5555555556
19.1111111111
17.2777777778
13.6666666667
13.1666666667
15.8888888889
16.8888888889
16.1111111111
14.6666666667
15.4444444444
16.1111111111
18.0555555556
19.6666666667
21.6111111111
19.4444444444
14.5
12.8888888889
10.7222222222
12.8888888889
10.8888888889
11.2777777778
11.3888888889
12.0555555556
13.5
13.8888888889
13.9444444444
14.4444444444
13.1666666667
11.0
9.11111111111
8.77777777778
7.88888888889
5.55555555556
4.22222222222
5.61111111111
6.83333333333
7.38888888889
5.16666666667
5.22222222222
7.27777777778
7.94444444444
10.0555555556
12.1666666667
12.2222222222
12.8333333333
11.0555555556
11.1111111111
13.5
12.3333333333
13.3888888889
11.9444444444
12.6111111111
11.7222222222
10.7777777778
7.94444444444
8.11111111111
12.3333333333
13.3333333333
10.3888888889
9.22222222222
11.8888888889
11.8888888889
9.72222222222
9.77777777778
9.61111111111
7.44444444444
8.61111111111
9.5
4.72222222222
3.72222222222
6.88888888889
8.5
8.44444444444
6.61111111111
4.77777777778
4.83333333333
4.22222222222
3.72222222222
4.16666666667
4.72222222222
6.16666666667
8.94444444444
8.55555555556
9.94444444444
8.94444444444
10.6111111111
10.4444444444
9.38888888889
9.61111111111
10.2777777778
8.38888888889
7.5
8.83333333333
8.16666666667
8.11111111111
7.94444444444
7.38888888889
6.83333333333
6.55555555556
7.66666666667
8.38888888889
7.66666666667
7.61111111111
8.27777777778
8.5
9.27777777778
10.7777777778
12.5555555556
10.4444444444
7.55555555556
8.83333333333
9.55555555556
11.6666666667
12.3888888889
12.8888888889
13.6666666667
12.8888888889
8.0
10.6666666667
9.38888888889
8.05555555556
7.77777777778
9.05555555556
8.5
8.72222222222
9.77777777778
6.22222222222
4.38888888889
7.27777777778
8.88888888889
12.0
14.0
12.5
13.2222222222
15.2777777778
13.1111111111
10.7222222222
14.7777777778
15.7777777778
14.3333333333
12.2222222222
13.4444444444
16.0
16.9444444444
16.8888888889
11.5
12.1111111111
9.44444444444
10.5555555556
8.22222222222
10.0
11.0
8.94444444444
9.83333333333
11.3888888889
12.3333333333
13.1111111111
13.2777777778
15.2222222222
17.6111111111
20.3888888889
22.0555555556
15.1666666667
15.8888888889
18.7777777778
17.5555555556
12.8888888889
7.33333333333
8.27777777778
12.0
13.6666666667
14.3333333333
13.3888888889
11.6111111111
14.2777777778
17.7777777778
19.5555555556
20.0555555556
18.0
18.3888888889
18.8888888889
16.1111111111
16.6111111111
17.8333333333
16.4444444444
15.7777777778
16.0555555556
18.6111111111
15.2777777778
14.8333333333
18.3333333333
20.3888888889
21.4444444444
21.2222222222
24.8333333333
26.0
20.8333333333
17.4444444444
13.7777777778
13.6666666667
19.8333333333
20.2777777778
22.1666666667
18.8888888889
14.5555555556
12.3333333333
13.6111111111
14.1111111111
15.8888888889
20.4444444444
21.6666666667
19.7777777778
16.6666666667
17.5
20.4444444444
17.0
18.2222222222
18.6666666667
14.7777777778
18.0
18.8333333333
17.4444444444
16.1666666667
17.3888888889
18.5555555556
18.3333333333
16.7777777778
18.5
21.9444444444
22.7777777778
25.0
21.1666666667
19.9444444444
24.2222222222
26.8888888889
28.8333333333
28.0
24.3888888889
25.2777777778
25.1111111111
27.7222222222
30.8888888889
32.2777777778
30.7777777778
27.6666666667
25.9444444444
25.6666666667
27.6666666667
27.0
20.3888888889
20.6666666667
25.7777777778
29.3333333333
31.0
32.1666666667
31.2777777778
31.7777777778
31.8333333333
31.2222222222
30.1666666667
27.3888888889
25.3888888889
24.0
23.7777777778
22.2222222222
21.7222222222
22.5555555556
23.9444444444
25.0555555556
25.3888888889
27.6666666667
29.1666666667
28.8333333333
28.4444444444
28.2777777778
27.3333333333
27.5
28.0
29.2222222222
30.2777777778
29.1666666667
28.1111111111
28.4444444444
28.4444444444
29.3333333333
25.8333333333
25.8888888889
27.7777777778
27.3888888889
27.0555555556
27.7777777778
28.1666666667
27.2777777778
26.7777777778
28.2222222222
29.4444444444
27.8888888889
27.5555555556
28.0
28.1111111111
28.2222222222
25.7222222222
24.7222222222
25.8888888889
27.8888888889
30.3333333333
29.0555555556
29.2222222222
31.2777777778
30.2777777778
29.3888888889
28.1111111111
26.5
26.8888888889
27.6666666667
28.2222222222
28.7222222222
27.5555555556
26.9444444444
29.0555555556
29.2222222222
27.7222222222
30.0555555556
26.7222222222
24.7222222222
26.3888888889
27.5555555556
27.1111111111
23.6111111111
21.8888888889
24.1111111111
26.3888888889
27.6666666667
28.4444444444
28.8888888889
29.2777777778
30.7777777778
22.5555555556
20.7777777778
23.5
25.7222222222
27.2222222222
26.3888888889
22.8333333333
22.1111111111
21.0555555556
19.1111111111
17.0
14.0555555556
13.3888888889
16.8333333333
18.2777777778
18.9444444444
21.7777777778
20.7222222222
22.3333333333
23.2777777778
23.7222222222
22.5555555556
21.2777777778
22.5555555556
21.7222222222
19.9444444444
20.7222222222
21.0555555556
21.2777777778
21.5555555556
19.4444444444
15.8888888889
16.1111111111
16.2777777778
16.2222222222
17.0555555556
17.3888888889
16.7777777778
15.8888888889
15.6666666667
11.8888888889
8.38888888889
10.5555555556
9.16666666667
9.61111111111
10.4444444444
13.2222222222
14.7777777778
13.5
12.5555555556
13.9444444444
12.7222222222
13.1111111111
13.4444444444
12.1666666667
10.3888888889
10.0555555556
8.38888888889
8.77777777778
10.0
12.1666666667
11.8333333333
10.0
10.5
9.44444444444
9.05555555556
8.5
11.8888888889
7.94444444444
6.77777777778
6.5
6.5
6.72222222222
6.83333333333
6.22222222222
6.66666666667
6.77777777778
6.72222222222
7.16666666667
7.88888888889
6.94444444444
7.5
5.27777777778
5.44444444444
7.66666666667
6.11111111111
6.11111111111
6.44444444444
5.61111111111
5.33333333333
5.38888888889
5.55555555556
5.77777777778
5.66666666667
6.22222222222
8.44444444444
7.77777777778
8.05555555556
7.22222222222
9.66666666667
8.38888888889
7.88888888889
9.66666666667
9.72222222222
7.83333333333
8.33333333333
8.72222222222
9.44444444444
8.94444444444
8.22222222222
8.72222222222
9.44444444444
9.83333333333
7.38888888889
3.94444444444
5.44444444444
6.05555555556
9.94444444444
12.5555555556
7.94444444444
11.1666666667
7.94444444444
8.61111111111
9.83333333333
13.0
12.9444444444
11.0555555556
10.6111111111
11.5555555556
12.1666666667
9.88888888889
9.38888888889
10.8888888889
10.9444444444
11.7222222222
15.0555555556
12.8333333333
12.8888888889
14.1666666667
14.0555555556
10.3888888889
11.4444444444
7.5
8.77777777778
8.5
10.0555555556
11.3333333333
10.5555555556
9.83333333333
10.3888888889
11.8333333333
13.1666666667
14.3333333333
15.1666666667
9.72222222222
10.5555555556
7.83333333333
10.3333333333
9.55555555556
8.72222222222
10.2777777778
13.6111111111
15.5555555556
14.2222222222
8.77777777778
10.2777777778
13.9444444444
14.8333333333
13.8888888889
14.2222222222
14.7777777778
16.6666666667
17.9444444444
17.3888888889
13.2222222222
7.72222222222
6.83333333333
10.5555555556
14.1666666667
17.0555555556
13.3888888889
13.8333333333
11.9444444444
11.5
13.6111111111
15.6111111111
15.5
15.8333333333
16.7222222222
10.3888888889
11.5555555556
15.2777777778
14.5
10.8333333333
10.0555555556
13.1666666667
17.0555555556
18.1666666667
18.4444444444
13.5555555556
11.5
11.8888888889
9.94444444444
14.2777777778
17.2222222222
18.1666666667
18.9444444444
19.6666666667
22.0555555556
25.0555555556
27.0
24.5555555556
19.5
20.4444444444
18.5555555556
14.6111111111
17.3888888889
21.2222222222
23.9444444444
22.3333333333
18.4444444444
18.7777777778
18.3333333333
17.1666666667
20.0555555556
22.9444444444
24.6666666667
26.2222222222
25.2222222222
23.8333333333
25.9444444444
26.8333333333
21.0555555556
20.6111111111
24.1111111111
26.1666666667
20.3333333333
23.5555555556
25.8888888889
26.7777777778
25.1111111111
22.8888888889
21.4444444444
17.3333333333
15.2222222222
17.5555555556
21.3888888889
21.8333333333
24.4444444444
27.5555555556
30.4444444444
29.5
25.6666666667
25.8333333333
16.6666666667
18.6111111111
22.3888888889
26.1111111111
21.2777777778
22.7222222222
26.4444444444
29.3333333333
27.7222222222
28.7777777778
26.9444444444
30.1111111111
33.1111111111
31.5555555556
28.0
27.4444444444
29.6666666667
22.8888888889
22.2777777778
22.7222222222
21.3888888889
21.1111111111
24.1111111111
26.6666666667
26.1111111111
25.8333333333
26.3333333333
26.1666666667
27.6111111111
28.7777777778
27.3333333333
26.4444444444
28.8333333333
30.1666666667
29.5555555556
30.5555555556
32.2222222222
32.7777777778
33.5555555556
27.7777777778
27.5
28.0555555556
22.7222222222
22.7222222222
26.1111111111
28.0
30.1666666667
31.9444444444
32.2222222222
29.0
27.9444444444
27.5
26.3333333333
27.1111111111
27.2777777778
28.5
30.4444444444
31.2777777778
30.5
30.5
28.8888888889
26.7777777778
28.0555555556
29.4444444444
30.2222222222
31.7222222222
33.3888888889
34.0555555556
33.5555555556
33.1666666667
34.1111111111
32.6666666667
30.8333333333
31.3888888889
31.8333333333
31.8888888889
29.5
29.9444444444
29.2777777778
28.8888888889
29.6666666667
28.6666666667
25.8888888889
24.5555555556
26.6666666667
27.7777777778
29.6111111111
27.6666666667
22.6666666667
24.1666666667
27.7222222222
28.5555555556
29.5
27.7777777778
27.1666666667
28.2222222222
28.3333333333
27.5
27.2777777778
27.1666666667
28.2777777778
30.6666666667
29.7222222222
28.8333333333
27.6666666667
25.7222222222
25.3888888889
24.8888888889
26.0555555556
27.3333333333
29.0
27.8888888889
24.2777777778
25.8888888889
26.7222222222
27.4444444444
26.1111111111
26.7777777778
28.1666666667
28.3888888889
28.8888888889
26.2222222222
22.5555555556
21.0555555556
20.8333333333
21.4444444444
20.2777777778
19.4444444444
18.4444444444
16.6666666667
16.3333333333
18.6666666667
20.5
22.1111111111
23.0555555556
24.1666666667
23.2222222222
21.9444444444
19.4444444444
16.6666666667
13.0
13.5
15.6666666667
15.0555555556
16.6666666667
17.9444444444
19.2777777778
20.0
20.6111111111
17.2222222222
15.9444444444
16.2777777778
17.0
18.4444444444
19.2777777778
19.9444444444
16.8333333333
10.4444444444
9.55555555556
8.33333333333
9.38888888889
10.5555555556
11.7777777778
12.8333333333
17.9444444444
16.7222222222
16.1111111111
13.9444444444
13.7777777778
14.7777777778
12.6666666667
10.3333333333
12.1111111111
12.2777777778
12.3333333333
12.2222222222
12.6111111111
15.8888888889
16.6666666667
15.5
16.4444444444
15.1111111111
13.3888888889
14.0555555556
14.3333333333
13.6666666667
11.6111111111
10.3888888889
10.1111111111
10.1111111111
10.7222222222
8.44444444444
6.44444444444
7.61111111111
7.55555555556
13.8888888889
11.3888888889
5.83333333333
5.88888888889
8.0
11.1111111111
10.7777777778
11.0555555556
8.16666666667
9.44444444444
8.5
6.0
8.55555555556
7.11111111111
7.33333333333
6.55555555556
5.66666666667
5.83333333333
5.83333333333
7.22222222222
9.94444444444
7.88888888889
6.5
8.38888888889
8.38888888889
4.72222222222
4.27777777778
3.83333333333
3.61111111111
4.11111111111
5.5
6.94444444444
8.33333333333
8.38888888889
8.27777777778
9.38888888889
10.0
11.2777777778
13.2777777778
12.7222222222
13.7222222222
10.7222222222
7.05555555556
7.27777777778
8.55555555556
10.3888888889
11.2222222222
12.7222222222
11.8333333333
11.0
12.2222222222
9.0
7.05555555556
8.77777777778
7.05555555556
7.44444444444
8.38888888889
9.44444444444
9.88888888889
11.0555555556
12.5555555556
13.5555555556
12.8888888889
12.0
10.4444444444
5.77777777778
7.83333333333
9.55555555556
10.5555555556
8.77777777778
10.3888888889
10.8333333333
11.7222222222
13.2222222222
14.6666666667
16.9444444444
19.4444444444
14.3888888889
15.4444444444
15.1111111111
12.4444444444
11.0
10.8888888889
12.4444444444
14.5555555556
16.6111111111
18.7222222222
20.3888888889
19.7777777778
18.2222222222
18.2222222222
16.1111111111
18.0555555556
18.9444444444
16.3333333333
13.6111111111
13.3888888889
15.5
17.6111111111
20.0
17.3333333333
17.9444444444
18.5
21.5
19.7777777778
16.6666666667
16.8333333333
18.7222222222
19.4444444444
17.7222222222
16.8888888889
17.6111111111
15.3333333333
14.6111111111
18.3888888889
20.2777777778
20.2222222222
21.4444444444
19.1666666667
19.5555555556
12.8333333333
13.3333333333
16.1666666667
19.5
21.3888888889
22.5
23.9444444444
23.0555555556
23.2777777778
20.8333333333
20.8333333333
23.6666666667
25.5
26.3888888889
25.3888888889
23.0
24.8888888889
26.6111111111
26.5
22.8888888889
20.6111111111
20.6111111111
18.6666666667
20.7222222222
23.2777777778
27.1111111111
29.6111111111
28.8888888889
27.7222222222
24.7777777778
21.2777777778
20.0
20.1666666667
22.7222222222
24.7222222222
26.2777777778
19.1666666667
17.0
19.3888888889
20.6666666667
20.7777777778
22.4444444444
